4295242371 18943 0 10
4295242384 31997 0 12
4295242397 42059 0 13
4295242410 9064 0 2
4295242423 0 0 0
4295242436 0 0 0
4295242449 0 0 0
4295242462 0 0 0
4295242475 0 0 0
4295242488 0 0 0
4295242501 0 0 0
4295242514 0 0 0
4295242527 0 0 0
4295242540 0 0 0
4295242553 0 0 0
4295242566 0 0 0
4295242579 0 0 0
4295242592 0 0 0
4295242605 0 0 0
4295242618 0 0 0
4295242631 0 0 0
4295242644 6927 0 2
4295242657 28834 0 11
4295242670 20078 0 9
4295242683 9803 0 8
4295242696 4240 7 4
4295242709 6031 32 2
4295242722 5760 109 2
4295242735 0 0 0
4295242748 0 0 0
4295242761 0 0 0
4295242774 0 0 0
4295242787 0 0 0
4295242800 0 0 0
4295242813 0 0 0
4295242826 0 0 0
4295242839 0 0 0
4295242852 0 0 0
4295242865 0 0 0
4295242878 0 0 0
4295242891 0 0 0
4295242904 1949 120 1
4295242917 2121 134 3
4295242930 1987 133 5
4295242943 4543 398 6
4295242956 1989 226 5
4295242969 4305 404 10
4295242982 2836 272 5
4295242995 4436 438 9
4295243008 2407 293 6
4295243021 4564 599 10
4295243034 3531 530 10
4295243047 2844 448 8
4295243060 2789 491 9
4295243073 2510 444 5
4295243086 3433 613 11
4295243099 2447 465 8
4295243112 1716 327 6
4295243125 704 148 6
4295243138 1276 269 6
4295243151 3348 778 13
4295243164 1755 383 3
4295243177 2794 710 12
4295243190 1850 465 7
4295243203 496 128 2
4295243216 450 145 3
4295243229 2163 571 11
4295243242 1182 363 4
4295243255 2399 809 13
4295243268 1664 602 11
4295243281 527 218 6
4295243294 1781 762 12
4295243307 1780 803 10
4295243320 732 338 3
4295243333 1723 775 10
4295243346 0 0 0
4295243359 0 0 0
4295243372 0 0 0
4295243385 0 0 0
4295243398 0 0 0
4295243411 204 63 0
4295243424 906 297 6
4295243437 1489 502 9
4295243450 912 310 3
4295243463 1107 399 7
4295243476 2506 867 12
4295243489 1249 372 6
4295243502 455 138 2
4295243515 463 157 1
4295243528 1058 330 3
4295243541 2275 784 13
4295243554 1983 680 9
4295243567 854 283 2
4295243580 1749 642 9
4295243593 1308 460 10
4295243606 1462 606 10
4295243619 1525 583 8
4295243632 829 328 5
4295243645 1363 588 10
4295243658 2167 828 13
4295243671 1271 526 5
4295243684 1668 711 12
4295243697 1373 580 8
4295243710 1167 520 10
4295243723 1358 587 9
4295243736 543 280 8
4295243749 1767 782 13
4295243762 973 461 7
4295243775 1437 624 11
4295243788 1211 594 10
4295243801 1090 569 10
4295243814 1716 859 12
4295243827 577 286 3
4295243840 1564 795 12
4295243853 762 413 5
4295243866 791 427 6
4295243879 1566 803 13
4295243892 1233 619 10
4295243905 503 267 2
4295243918 1248 690 11
4295243931 1442 804 13
4295243944 677 391 7
4295243957 610 311 2
4295243970 1297 740 11
4295243983 941 566 13
4295243996 747 525 10
4295244009 592 413 8
4295244022 140 107 3
4295244035 0 0 0
4295244048 0 0 0
4295244061 0 0 0
4295244074 0 0 0
4295244087 0 0 0
4295244100 0 0 0
4295244113 0 0 0
4295244126 0 0 0
4295244139 0 0 0
4295244152 0 0 0
4295244165 0 0 0
4295244178 2 0 0
4295244191 0 0 0
4295244204 0 0 0
4295244217 2 0 0
4295244230 2 0 0
4295244243 1 0 0
4295244256 0 0 0
4295244269 0 0 0
4295244282 0 0 0
4295244295 0 0 0
4295244308 0 0 0
4295244321 0 0 0
4295244334 0 0 0
4295244347 0 0 0
4295244360 0 0 0
4295244373 0 0 0
4295244386 0 0 0
4295244399 0 0 0
4295244412 0 0 0
4295244425 0 0 0
4295244438 0 0 0
4295244451 0 0 0
4295244464 0 0 0
4295244477 0 0 0
4295244490 0 0 0
4295244503 0 0 0
4295244516 0 0 0
4295244529 0 0 0
4295244542 0 0 0
4295244555 0 0 0
4295244568 0 0 0
4295244581 0 0 0
4295244594 0 0 0
4295244607 0 0 0
4295244620 0 0 0
4295244633 0 0 0
4295244646 0 0 0
4295244659 0 0 0
4295244672 0 0 0
4295244685 0 0 0
4295244698 0 0 0
4295244711 0 0 0
4295244724 0 0 0
4295244737 0 0 0
4295244750 0 0 0
4295244763 0 0 0
4295244776 0 0 0
4295244789 0 0 0
4295244802 0 0 0
4295244815 0 0 0
4295244828 0 0 0
4295244841 0 0 0
4295244854 0 0 0
4295244867 0 0 0
4295244880 0 0 0
4295244893 0 0 0
4295244909 0 1 1
4295244922 41 21 0
4295244935 513 357 8
4295244948 827 513 8
4295244961 1176 784 13
4295244974 1305 758 13
4295244987 1544 733 12
4295245000 1365 752 13
4295245013 1199 663 12
4295245026 1150 791 13
4295245039 1291 750 12
4295245052 1413 748 13
4295245065 579 380 6
4295245078 501 277 3
4295245091 850 499 11
4295245104 1170 711 13
4295245117 811 456 9
4295245130 714 479 9
4295245143 907 740 13
4295245156 595 460 9
4295245169 653 513 10
4295245182 960 719 13
4295245195 684 465 7
4295245208 611 474 12
4295245221 784 621 10
4295245234 320 268 4
4295245247 430 333 6
4295245260 942 752 13
4295245273 991 758 13
4295245286 709 539 12
4295245299 758 609 10
4295245312 390 322 5
4295245325 310 285 5
4295245338 883 674 13
4295245351 734 594 9
4295245364 758 613 13
4295245377 698 578 11
4295245390 358 304 3
4295245403 406 287 5
4295245416 712 535 11
4295245429 835 682 13
4295245442 931 702 13
4295245455 975 749 13
4295245468 549 405 6
4295245481 719 574 11
4295245494 848 706 13
4295245507 449 376 6
4295245520 549 478 7
4295245533 707 618 13
4295245546 522 471 8
4295245559 418 394 6
4295245572 685 700 13
4295245585 472 536 8
4295245598 682 698 12
4295245611 567 612 10
4295245624 266 296 4
4295245637 232 296 4
4295245650 633 675 10
4295245663 596 662 12
4295245676 517 604 10
4295245689 424 470 9
4295245702 241 301 4
4295245715 609 651 10
4295245728 498 557 8
4295245741 220 267 4
4295245754 443 463 7
4295245767 0 0 0
4295245780 2 2 0
4295245793 277 235 5
4295245806 357 345 8
4295245819 570 453 11
4295245832 509 458 11
4295245845 297 278 8
4295245858 419 384 5
4295245871 504 484 11
4295245884 594 524 10
4295245897 235 256 4
4295245910 640 581 13
4295245923 662 606 12
4295245936 562 533 11
4295245949 731 638 12
4295245962 331 301 5
4295245975 176 184 6
4295245988 535 511 11
4295246001 648 587 11
4295246014 237 217 3
4295246027 445 425 11
4295246040 740 668 13
4295246053 370 420 8
4295246066 590 589 13
4295246079 555 512 9
4295246092 350 310 5
4295246105 536 516 11
4295246118 652 679 13
4295246131 275 301 3
4295246144 602 613 13
4295246157 420 472 9
4295246170 266 289 3
4295246183 425 459 10
4295246196 340 372 11
4295246209 259 245 5
4295246222 196 211 3
4295246235 347 353 8
4295246248 589 667 12
4295246261 472 504 9
4295246274 555 605 13
4295246287 378 396 8
4295246300 288 311 4
4295246313 507 556 13
4295246326 610 662 13
4295246339 264 282 3
4295246352 380 435 8
4295246365 510 576 12
4295246378 340 416 9
4295246391 460 552 11
4295246404 512 579 12
4295246417 227 288 4
4295246430 431 526 13
4295246443 465 568 11
4295246456 363 424 9
4295246469 514 622 11
4295246482 351 406 5
4295246495 210 251 3
4295246508 456 565 13
4295246521 471 595 12
4295246534 471 530 10
4295246547 478 613 11
4295246560 252 291 4
4295246573 253 364 7
4295246586 440 516 12
4295246599 398 480 9
4295246612 239 297 4
4295246625 370 457 10
4295246638 485 620 13
4295246651 445 583 12
4295246664 521 688 11
4295246677 267 349 6
4295246690 312 425 10
4295246703 373 520 11
4295246716 361 455 10
4295246729 305 429 9
4295246742 530 633 13
4295246755 249 315 4
4295246768 234 322 5
4295246781 431 594 12
4295246794 477 612 12
4295246807 412 528 11
4295246820 488 623 12
4295246833 187 295 5
4295246846 233 342 4
4295246859 403 621 13
4295246872 348 501 11
4295246885 232 368 7
4295246898 297 553 9
4295246911 208 283 6
4295246924 367 542 11
4295246937 86 126 3
4295246950 0 0 0
4295246963 0 0 0
4295246976 19 24 1
4295246989 145 185 5
4295247002 175 195 2
4295247015 227 300 9
4295247028 422 553 11
4295247041 261 305 9
4295247054 181 247 4
4295247068 188 249 4
4295247081 219 272 10
4295247094 452 632 13
4295247107 464 593 13
4295247120 484 540 12
4295247133 304 363 7
4295247146 287 410 7
4295247159 429 622 13
4295247172 327 427 9
4295247185 176 231 6
4295247198 207 233 3
4295247211 253 395 9
4295247224 415 632 13
4295247237 446 650 13
4295247250 441 643 13
4295247263 497 707 13
4295247276 333 480 7
4295247289 195 271 2
4295247302 140 197 3
4295247315 333 477 7
4295247328 462 665 13
4295247341 367 569 13
4295247354 428 559 11
4295247367 294 408 6
4295247380 195 270 2
4295247393 367 478 10
4295247406 417 639 13
4295247419 386 602 12
4295247432 415 629 12
4295247445 269 435 8
4295247458 169 258 2
4295247471 307 480 10
4295247484 362 593 13
4295247497 325 512 11
4295247510 430 671 13
4295247523 266 437 9
4295247536 214 309 1
4295247549 368 551 11
4295247562 389 617 12
4295247575 209 356 3
4295247588 347 601 13
4295247601 364 653 11
4295247614 182 288 4
4295247627 402 626 13
4295247640 292 461 9
4295247653 172 281 5
4295247666 221 348 0
4295247679 171 289 7
4295247692 166 228 5
4295247705 354 625 13
4295247718 239 420 7
4295247731 221 339 2
4295247744 196 327 1
4295247757 207 342 7
4295247770 175 324 3
4295247783 165 310 3
4295247796 122 254 3
4295247809 183 293 3
4295247822 283 446 10
4295247835 333 579 11
4295247848 65 128 3
4295247861 160 265 4
4295247874 376 658 13
4295247887 233 388 6
4295247900 310 547 11
4295247913 330 639 13
4295247926 182 285 2
4295247939 168 292 2
4295247952 162 302 1
4295247965 167 269 2
4295247978 164 276 5
4295247991 226 321 6
4295248004 198 317 7
4295248017 214 288 2
4295248030 172 311 0
4295248043 177 285 2
4295248056 178 307 1
4295248069 186 313 2
4295248082 177 272 6
4295248095 131 265 6
4295248108 181 325 3
4295248121 173 295 4
4295248134 182 308 6
4295248147 189 329 6
4295248160 169 314 5
4295248173 156 284 0
4295248186 161 310 0
4295248199 181 317 3
4295248212 167 296 4
4295248225 210 353 5
4295248238 188 300 2
4295248251 183 330 3
4295248264 165 285 4
4295248277 201 335 3
4295248290 162 314 6
4295248303 176 312 3
4295248316 191 326 3
4295248329 155 288 2
4295248342 275 468 9
4295248355 216 387 10
4295248368 188 338 7
4295248381 142 304 2
4295248394 181 301 6
4295248407 188 323 4
4295248420 174 315 3
4295248433 207 328 2
4295248446 164 303 5
4295248459 190 320 3
4295248472 191 324 3
4295248485 212 331 2
4295248498 207 302 4
4295248511 182 306 2
4295248524 151 247 7
4295248537 139 281 4
4295248550 168 307 3
4295248563 182 307 2
4295248576 141 243 2
4295248589 162 277 6
4295248602 171 304 4
4295248615 159 324 5
4295248628 188 293 5
4295248641 179 316 3
4295248654 179 334 6
4295248667 175 262 5
4295248680 159 295 2
4295248693 188 307 5
4295248706 131 228 4
4295248719 178 311 5
4295248732 148 269 5
4295248745 139 206 7
4295248758 140 194 1
4295248771 158 289 3
4295248784 168 260 3
4295248797 162 314 5
4295248810 159 291 4
4295248823 154 228 2
4295248836 202 348 2
4295248849 195 344 8
4295248862 399 706 13
4295248875 285 483 7
4295248888 115 226 6
4295248901 139 279 8
4295248914 137 261 5
4295248927 143 303 2
4295248940 156 308 2
4295248953 210 307 3
4295248966 172 324 0
4295248979 163 350 4
4295248992 137 260 4
4295249005 142 223 2
4295249018 179 317 4
4295249031 152 272 4
4295249044 170 283 3
4295249057 168 305 3
4295249070 158 328 2
4295249083 162 323 1
4295249096 129 263 4
4295249109 126 254 3
4295249122 173 329 2
4295249135 153 300 4
4295249148 143 307 6
4295249161 296 606 12
4295249174 304 571 11
4295249187 177 298 7
4295249200 191 340 0
4295249213 179 321 4
4295249226 179 360 2
4295249239 181 327 0
4295249252 172 312 2
4295249265 196 379 3
4295249278 178 324 3
4295249291 148 320 4
4295249304 150 279 5
4295249317 134 313 3
4295249330 155 299 3
4295249343 173 284 4
4295249356 171 331 2
4295249369 124 302 3
4295249382 158 308 3
4295249395 196 332 6
4295249408 160 377 4
4295249421 156 363 6
4295249434 213 303 2
4295249447 143 338 3
4295249460 168 338 5
4295249473 172 316 3
4295249486 157 303 6
4295249499 171 302 7
4295249512 199 376 1
4295249525 137 281 6
4295249538 163 313 6
4295249551 203 393 5
4295249564 349 675 13
4295249577 304 581 10
4295249590 156 330 3
4295249603 168 321 3
4295249616 178 353 1
4295249629 127 269 1
4295249642 155 312 4
4295249655 161 320 1
4295249668 156 322 1
4295249681 130 293 4
4295249694 149 297 6
4295249707 137 354 6
4295249720 189 369 4
4295249733 175 329 1
4295249746 136 306 5
4295249759 167 354 3
4295249772 158 312 5
4295249785 109 200 5
4295249798 120 182 3
4295249811 144 295 4
4295249824 158 317 4
4295249837 173 356 6
4295249850 139 292 6
4295249863 173 364 4
4295249876 132 304 5
4295249889 181 331 2
4295249902 159 357 4
4295249915 173 383 4
4295249928 312 519 13
4295249941 231 446 10
4295249954 118 292 3
4295249967 156 293 2
4295249980 123 303 5
4295249993 127 246 3
4295250006 151 300 0
4295250019 141 281 5
4295250032 124 249 4
4295250045 108 287 2
4295250058 152 299 4
4295250071 140 243 6
4295250084 230 469 9
4295250097 294 592 13
4295250110 131 301 2
4295250123 131 309 2
4295250136 119 260 5
4295250149 84 187 3
4295250162 134 327 3
4295250175 126 298 5
4295250188 216 479 12
4295250201 299 665 12
4295250214 160 271 3
4295250227 120 277 6
4295250240 163 301 4
4295250253 134 286 5
4295250266 158 297 4
4295250279 103 251 2
4295250292 138 318 6
4295250305 111 297 3
4295250318 128 302 4
4295250331 144 285 4
4295250344 153 305 2
4295250357 143 386 5
4295250370 236 542 13
4295250383 268 513 13
4295250396 250 592 13
4295250409 289 623 13
4295250422 224 541 13
4295250435 127 302 0
4295250448 152 293 3
4295250461 110 227 4
4295250474 115 289 6
4295250487 116 299 4
4295250500 116 303 4
4295250513 131 299 5
4295250526 142 297 7
4295250539 129 272 6
4295250552 128 268 4
4295250565 115 309 6
4295250578 153 289 3
4295250591 128 298 6
4295250604 134 294 3
4295250617 116 272 7
4295250630 136 299 3
4295250643 138 305 4
4295250656 142 297 5
4295250669 100 286 5
4295250682 87 218 1
4295250695 122 315 3
4295250708 140 296 5
4295250721 105 312 1
4295250734 122 314 6
4295250747 241 618 13
4295250760 222 566 12
4295250773 271 618 13
4295250786 243 641 13
4295250799 199 487 11
4295250812 105 300 2
4295250825 90 198 7
4295250838 144 312 3
4295250851 117 304 4
4295250864 121 286 7
4295250877 73 210 7
4295250890 62 119 3
4295250903 85 202 2
4295250916 120 290 3
4295250929 105 218 5
4295250942 115 290 3
4295250955 88 257 6
4295250968 116 277 4
4295250981 90 215 6
4295250994 125 328 5
4295251007 125 277 5
4295251020 125 282 0
4295251033 136 305 2
4295251046 124 306 3
4295251059 117 282 4
4295251072 96 216 4
4295251085 128 269 3
4295251098 136 320 5
4295251111 85 240 3
4295251124 110 289 2
4295251137 111 230 3
4295251150 103 284 3
4295251163 117 287 4
4295251176 140 302 6
4295251189 132 285 2
4295251202 116 294 1
4295251215 110 270 1
4295251228 118 293 5
4295251241 126 295 0
4295251254 145 336 3
4295251267 120 326 2
4295251280 108 248 0
4295251293 127 283 4
4295251306 113 266 2
4295251319 56 179 5
4295251332 39 109 1
4295251345 46 104 1
4295251358 269 623 13
4295251371 309 701 13
4295251384 290 672 13
4295251397 152 384 8
4295251410 165 336 2
4295251423 154 335 1
4295251436 156 360 3
4295251449 129 312 3
4295251462 143 314 1
4295251475 89 204 5
4295251488 40 88 2
4295251501 37 98 2
4295251514 32 107 1
4295251527 40 116 0
4295251540 44 119 0
4295251553 54 117 4
4295251566 170 427 12
4295251579 183 449 12
4295251592 166 425 9
4295251605 133 392 11
4295251618 175 461 11
4295251631 169 467 11
4295251644 139 370 8
4295251657 0 0 0
4295251670 0 0 0
4295251683 0 0 0
4295251696 0 0 0
4295251709 0 0 0
4295251722 0 0 0
4295251735 0 0 0
4295251748 0 0 0
4295251761 0 0 0
4295251774 0 0 0
4295251787 0 0 0
4295251800 0 0 0
4295251813 0 0 0
4295251826 0 0 0
4295251839 0 0 0
4295251852 0 0 0
4295251865 0 0 0
4295251878 0 0 0
4295251891 0 0 0
4295251904 0 0 0
4295251917 0 0 0
4295251930 0 0 0
4295251943 0 0 0
4295251956 0 0 0
4295251969 0 0 0
4295251982 0 0 0
4295251995 0 0 0
4295252008 0 0 0
4295252021 0 0 0
4295252034 0 0 0
4295252047 0 0 0
4295252060 0 0 0
4295252073 0 0 0
4295252086 0 0 0
4295252099 0 0 0
4295252112 0 0 0
4295252125 0 0 0
4295252138 0 0 0
4295252151 0 0 0
4295252164 0 0 0
4295252177 0 0 0
4295252190 0 0 0
4295252203 0 0 0
4295252216 0 0 0
4295252229 0 0 0
4295252242 0 0 0
4295252255 0 0 0
4295252268 0 0 0
4295252281 0 0 0
4295252294 0 0 0
4295252307 0 0 0
4295252320 0 0 0
4295252333 0 0 0
4295252346 0 0 0
4295252359 0 0 0
4295252372 0 0 0
4295252385 0 0 0
4295252398 0 0 0
4295252411 0 0 0
4295252424 0 0 0
4295252437 0 0 0
4295252450 0 0 0
4295252463 0 0 0
4295252476 0 0 0
4295252489 0 0 0
4295252502 0 0 0
4295252515 0 0 0
4295252528 0 0 0
4295252541 0 0 0
4295252554 0 0 0
4295252567 0 0 0
4295252580 0 0 0
4295252593 0 0 0
4295252606 0 0 0
4295252619 0 0 0
4295252632 0 0 0
4295252645 0 0 0
4295252658 0 0 0
4295252671 0 0 0
4295252684 0 0 0
4295252697 0 0 0
4295252710 0 0 0
4295252723 0 0 0
4295252736 0 0 0
4295252749 0 0 0
4295252762 0 0 0
4295252775 0 0 0
4295252788 0 0 0
4295252801 0 0 0
4295252814 0 0 0
4295252827 0 0 0
4295252840 0 0 0
4295252853 0 0 0
4295252866 0 0 0
4295252879 0 0 0
4295252892 0 0 0
4295252905 0 0 0
4295252918 0 0 0
4295252931 0 0 0
4295252944 0 0 0
4295252957 0 0 0
4295252970 0 0 0
4295252983 0 0 0
4295252996 0 0 0
4295253009 0 0 0
4295253022 0 0 0
4295253035 0 0 0
4295253048 0 0 0
4295253061 0 0 0
4295253074 0 0 0
4295253087 0 0 0
4295253100 0 0 0
4295253113 0 0 0
4295253126 0 0 0
4295253139 0 0 0
4295253152 0 0 0
4295253165 0 0 0
4295253178 0 0 0
4295253191 0 0 0
4295253204 0 0 0
4295253217 0 0 0
4295253230 0 0 0
4295253243 0 0 0
4295253256 0 0 0
4295253269 0 0 0
4295253282 0 0 0
4295253295 0 0 0
4295253308 0 0 0
4295253321 0 0 0
4295253334 0 0 0
4295253347 0 0 0
4295253360 0 0 0
4295253373 0 0 0
4295253386 0 0 0
4295253399 0 0 0
4295253412 0 0 0
4295253425 0 0 0
4295253438 0 0 0
4295253451 0 0 0
4295253464 0 0 0
4295253477 0 0 0
4295253490 0 0 0
4295253503 0 0 0
4295253516 0 0 0
4295253529 0 0 0
4295253542 0 0 0
4295253555 0 0 0
4295253568 0 0 0
4295253581 0 0 0
4295253594 0 0 0
4295253607 0 0 0
4295253620 0 0 0
4295253633 0 0 0
4295253646 0 0 0
4295253659 0 0 0
4295253672 0 0 0
4295253685 0 0 0
4295253698 0 0 0
4295253711 0 0 0
4295253724 0 0 0
4295253737 0 0 0
4295253750 0 0 0
4295253763 0 0 0
4295253776 0 0 0
4295253789 0 0 0
4295253802 0 0 0
4295253815 29 75 2
4295253828 84 213 4
4295253841 49 128 2
4295253854 123 350 1
4295253867 115 333 0
4295253880 133 340 7
4295253893 126 326 4
4295253906 120 338 2
4295253919 89 337 2
4295253932 141 363 2
4295253945 126 336 4
4295253958 129 341 2
4295253971 116 324 5
4295253984 123 335 4
4295253997 153 325 3
4295254010 146 341 2
4295254023 148 359 4
4295254036 127 338 5
4295254049 106 362 3
4295254062 147 354 2
4295254075 144 343 4
4295254088 153 351 3
4295254101 114 367 4
4295254114 121 348 4
4295254127 106 332 6
4295254140 108 318 3
4295254153 125 309 3
4295254166 137 341 1
4295254179 111 301 1
4295254192 161 365 3
4295254205 123 315 0
4295254218 125 296 5
4295254231 133 371 1
4295254244 137 361 2
4295254257 124 330 6
4295254270 156 346 5
4295254283 126 337 3
4295254296 125 353 1
4295254309 124 336 3
4295254322 102 232 5
4295254335 137 324 6
4295254348 149 360 5
4295254361 117 310 2
4295254374 128 328 6
4295254387 130 360 3
4295254400 142 370 4
4295254413 123 341 4
4295254426 123 319 3
4295254439 118 346 3
4295254452 118 327 3
4295254465 123 347 5
4295254478 120 287 3
4295254491 126 324 2
4295254504 149 338 4
4295254517 131 356 4
4295254530 108 313 3
4295254543 123 369 4
4295254556 108 340 0
4295254569 103 306 4
4295254582 101 222 5
4295254595 126 320 3
4295254608 142 346 3
4295254621 95 296 3
4295254634 96 301 3
4295254647 131 364 1
4295254660 113 298 2
4295254673 106 333 4
4295254686 133 318 3
4295254699 102 331 3
4295254712 92 306 2
4295254725 141 385 3
4295254738 141 319 6
4295254751 119 324 1
4295254764 129 313 9
4295254777 96 249 1
4295254790 117 321 3
4295254803 126 320 3
4295254816 113 322 4
4295254829 135 348 5
4295254842 142 331 3
4295254855 136 353 3
4295254868 126 336 0
4295254881 111 338 4
4295254894 109 295 5
4295254907 141 361 5
4295254920 103 293 6
4295254933 118 328 1
4295254946 137 344 0
4295254959 136 327 1
4295254972 103 292 5
4295254985 155 368 4
4295254998 110 318 4
4295255011 102 321 5
4295255024 136 342 2
4295255037 119 328 3
4295255050 101 316 0
4295255063 114 350 2
4295255076 94 282 5
4295255089 102 313 3
4295255102 117 330 5
4295255115 134 333 3
4295255128 127 324 3
4295255141 118 310 5
4295255154 112 343 2
4295255167 142 341 2
4295255180 107 310 4
4295255193 120 306 3
4295255206 100 330 2
4295255219 102 303 4
4295255232 117 304 2
4295255245 110 327 5
4295255258 109 348 1
4295255271 125 329 5
4295255284 127 335 0
4295255297 110 343 2
4295255310 100 312 2
4295255323 131 387 4
4295255336 94 320 3
4295255349 82 300 5
4295255362 111 371 4
4295255375 101 281 1
4295255388 115 300 4
4295255401 124 255 2
4295255414 116 336 5
4295255427 144 344 0
4295255440 114 320 3
4295255453 120 334 3
4295255466 130 315 4
4295255479 83 265 4
4295255492 128 341 2
4295255505 100 236 4
4295255518 94 218 7
4295255531 135 360 3
4295255544 105 270 5
4295255557 104 262 6
4295255570 142 348 2
4295255583 147 361 2
4295255596 139 360 3
4295255609 136 335 1
4295255622 144 351 2
4295255635 125 341 5
4295255648 111 301 5
4295255661 122 351 5
4295255674 105 295 4
4295255687 68 210 2
4295255700 128 329 1
4295255713 115 348 1
4295255726 112 322 0
4295255739 126 337 1
4295255752 104 352 5
4295255765 120 327 5
4295255778 100 323 3
4295255791 126 318 3
4295255804 102 323 6
4295255817 117 322 6
4295255830 125 323 6
4295255843 111 299 3
4295255856 122 346 3
4295255869 132 342 4
4295255882 89 301 5
4295255895 117 355 5
4295255908 105 316 4
4295255921 122 370 2
4295255934 118 343 2
4295255947 101 313 6
4295255960 87 305 3
4295255973 94 312 3
4295255986 103 327 5
4295255999 105 332 6
4295256012 103 397 6
4295256025 216 693 13
4295256038 217 647 13
4295256051 168 661 13
4295256064 187 655 13
4295256077 185 670 13
4295256090 131 429 4
4295256103 99 297 4
4295256116 120 333 3
4295256129 82 269 2
4295256142 108 326 5
4295256155 105 322 4
4295256168 97 291 2
4295256181 105 326 2
4295256194 95 325 3
4295256207 87 339 3
4295256220 84 314 5
4295256233 118 344 5
4295256246 94 339 3
4295256259 121 337 2
4295256272 109 292 3
4295256285 107 321 1
4295256298 115 337 3
4295256311 85 285 2
4295256324 80 244 2
4295256337 100 285 3
4295256350 77 235 5
4295256363 94 263 5
4295256376 85 285 3
4295256389 110 312 5
4295256402 131 364 4
4295256415 98 308 3
4295256428 95 246 6
4295256441 103 292 2
4295256454 103 315 2
4295256467 115 347 5
4295256480 122 346 1
4295256493 98 305 4
4295256506 115 324 3
4295256519 112 335 3
4295256532 104 333 1
4295256545 101 345 5
4295256558 110 333 3
4295256571 71 310 3
4295256584 101 304 4
4295256597 97 326 5
4295256610 107 319 2
4295256623 101 329 1
4295256636 92 331 1
4295256649 121 361 5
4295256662 108 350 1
4295256675 87 331 2
4295256688 64 246 3
4295256701 101 365 3
4295256714 97 319 4
4295256727 70 256 4
4295256740 87 323 2
4295256753 94 342 3
4295256766 100 337 3
4295256779 104 310 5
4295256792 97 318 2
4295256805 100 338 0
4295256818 123 337 4
4295256831 97 336 5
4295256844 85 302 2
4295256857 84 315 2
4295256870 118 327 0
4295256883 91 310 4
4295256896 84 304 4
4295256909 64 244 6
4295256922 82 318 5
4295256935 96 314 2
4295256948 125 357 1
4295256961 109 292 5
4295256974 95 336 2
4295256987 82 327 2
4295257000 114 361 6
4295257013 93 315 3
4295257026 102 315 3
4295257039 124 350 4
4295257052 104 362 6
4295257065 91 318 4
4295257078 106 323 3
4295257091 90 344 4
4295257104 88 326 4
4295257117 92 323 2
4295257130 117 352 3
4295257143 86 303 3
4295257156 79 309 1
4295257169 93 326 4
4295257182 100 313 4
4295257195 94 321 2
4295257208 89 331 2
4295257221 78 337 2
4295257234 95 300 4
4295257247 100 339 3
4295257260 112 354 1
4295257273 75 273 3
4295257286 87 301 1
4295257299 67 209 5
4295257312 77 297 3
4295257325 104 329 2
4295257338 101 327 7
4295257351 84 297 1
4295257364 113 343 5
4295257377 80 314 5
4295257390 102 300 6
4295257403 109 360 4
4295257416 105 339 6
4295257429 91 319 1
4295257442 82 302 6
4295257455 109 350 3
4295257468 89 331 2
4295257481 125 387 3
4295257494 84 312 0
4295257507 72 308 2
4295257520 107 350 1
4295257533 95 300 2
4295257546 97 335 2
4295257559 78 299 5
4295257572 112 345 5
4295257585 98 321 2
4295257598 112 381 3
4295257611 99 343 4
4295257624 74 323 4
4295257637 96 304 3
4295257650 100 360 7
4295257663 91 314 1
4295257676 92 339 3
4295257689 107 330 3
4295257702 107 340 6
4295257715 94 280 9
4295257728 108 416 11
4295257741 109 417 11
4295257754 107 371 9
4295257767 70 273 7
4295257780 107 361 0
4295257793 64 297 5
4295257806 80 275 5
4295257819 52 182 8
4295257832 47 220 8
4295257845 56 235 8
4295257858 53 204 2
4295257871 46 219 5
4295257884 44 158 6
4295257897 75 304 5
4295257910 87 356 3
4295257923 71 298 1
4295257936 74 264 4
4295257949 86 341 3
4295257962 69 312 7
4295257975 76 266 6
4295257988 65 289 6
4295258001 117 360 3
4295258014 48 187 4
4295258027 74 256 6
4295258040 63 257 2
4295258053 86 315 7
4295258066 89 334 5
4295258079 100 326 4
4295258092 81 326 2
4295258105 89 335 1
4295258118 91 334 2
4295258131 84 306 4
4295258144 79 313 6
4295258157 82 278 1
4295258170 58 267 5
4295258183 71 269 5
4295258196 77 298 4
4295258209 73 262 3
4295258222 90 310 3
4295258235 81 316 4
4295258248 83 268 4
4295258261 94 364 3
4295258274 82 297 1
4295258287 106 381 6
4295258300 87 331 4
4295258313 78 301 4
4295258326 82 345 3
4295258339 67 331 2
4295258352 88 314 5
4295258365 78 327 3
4295258378 76 310 3
4295258391 98 343 3
4295258404 91 323 5
4295258417 100 352 4
4295258430 92 309 5
4295258443 91 352 4
4295258456 99 341 2
4295258469 62 286 8
4295258482 76 313 2
4295258495 96 349 3
4295258508 90 316 6
4295258521 88 348 2
4295258534 72 319 3
4295258547 98 359 5
4295258560 76 313 3
4295258573 83 339 3
4295258586 101 333 4
4295258599 98 304 5
4295258612 80 277 4
4295258625 83 316 3
4295258638 89 342 5
4295258651 97 324 5
4295258664 97 320 4
4295258677 96 344 0
4295258690 88 350 3
4295258703 82 312 4
4295258716 71 350 2
4295258729 91 340 2
4295258742 94 347 5
4295258755 83 335 1
4295258768 68 292 1
4295258781 82 303 0
4295258794 81 313 4
4295258807 93 352 4
4295258820 68 337 1
4295258833 87 335 2
4295258846 84 350 3
4295258859 84 303 0
4295258872 80 311 3
4295258885 92 345 5
4295258898 81 284 1
4295258911 46 208 4
4295258924 70 296 3
4295258937 87 341 3
4295258950 88 355 3
4295258963 89 319 2
4295258976 60 247 7
4295258989 61 262 3
4295259002 60 293 8
4295259015 79 392 10
4295259028 80 390 11
4295259041 93 413 12
4295259054 109 455 11
4295259067 78 312 9
4295259080 103 391 11
4295259093 93 394 12
4295259106 45 215 4
4295259119 0 0 0
4295259132 0 0 0
4295259145 0 0 0
4295259158 0 0 0
4295259171 0 0 0
4295259184 0 0 0
4295259197 0 0 0
4295259210 0 0 0
4295259223 0 0 0
4295259236 0 0 0
4295259249 0 0 0
4295259262 0 0 0
4295259275 0 0 0
4295259288 0 0 0
4295259301 0 0 0
4295259314 0 0 0
4295259327 0 0 0
4295259340 0 0 0
4295259353 0 0 0
4295259366 0 0 0
4295259379 0 0 0
4295259392 0 0 0
4295259405 0 0 0
4295259418 0 0 0
4295259431 0 0 0
4295259444 0 0 0
4295259457 0 0 0
4295259470 0 0 0
4295259483 0 0 0
4295259496 0 0 0
4295259509 0 0 0
4295259522 0 0 0
4295259535 0 0 0
4295259548 0 0 0
4295259561 0 0 0
4295259574 0 0 0
4295259587 0 0 0
4295259600 0 0 0
4295259613 0 0 0
4295259626 0 0 0
4295259639 0 0 0
4295259652 0 0 0
4295259665 0 0 0
4295259678 0 0 0
4295259691 0 0 0
4295259704 0 0 0
4295259717 0 0 0
4295259730 0 0 0
4295259743 0 0 0
4295259756 0 0 0
4295259769 0 0 0
4295259782 0 0 0
4295259795 0 0 0
4295259808 0 0 0
4295259821 0 0 0
4295259834 0 0 0
4295259847 0 0 0
4295259860 0 0 0
4295259873 0 0 0
4295259886 0 0 0
4295259899 0 0 0
4295259912 0 0 0
4295259925 0 0 0
4295259938 0 0 0
4295259951 0 0 0
4295259964 0 0 0
4295259977 0 0 0
4295259990 0 0 0
4295260003 0 0 0
4295260016 0 0 0
4295260029 0 0 0
4295260042 0 0 0
4295260055 0 0 0
4295260068 0 0 0
4295260081 0 0 0
4295260094 0 0 0
4295260107 0 0 0
4295260120 0 0 0
4295260133 0 0 0
4295260146 0 0 0
4295260159 0 0 0
4295260172 0 0 0
4295260185 0 0 0
4295260198 0 0 0
4295260211 0 0 0
4295260224 0 0 0
4295260237 0 0 0
4295260250 0 0 0
4295260263 0 0 0
4295260276 0 0 0
4295260289 0 0 0
4295260302 0 0 0
4295260315 0 0 0
4295260328 0 0 0
4295260341 0 0 0
4295260354 0 0 0
4295260367 0 0 0
4295260380 0 0 0
4295260393 0 0 0
4295260406 0 0 0
4295260419 0 0 0
4295260432 0 0 0
4295260445 0 0 0
4295260458 0 0 0
4295260471 0 0 0
4295260484 0 0 0
4295260497 0 0 0
4295260510 0 0 0
4295260523 0 0 0
4295260536 0 0 0
4295260549 0 0 0
4295260562 0 0 0
4295260575 0 0 0
4295260588 0 0 0
4295260601 0 0 0
4295260614 0 0 0
4295260627 0 0 0
4295260640 0 0 0
4295260653 0 0 0
4295260666 0 0 0
4295260679 0 0 0
4295260692 0 0 0
4295260705 0 0 0
4295260718 0 0 0
4295260731 0 0 0
4295260744 0 0 0
4295260757 0 0 0
4295260770 0 0 0
4295260783 0 0 0
4295260796 0 0 0
4295260809 0 0 0
4295260826 8 26 1
4295260839 76 251 6
4295260852 60 176 4
4295260865 82 323 3
4295260878 64 339 0
4295260891 58 281 0
4295260904 83 320 3
4295260917 87 368 2
4295260930 73 307 4
4295260943 81 338 4
4295260956 80 351 3
4295260969 90 335 4
4295260982 85 302 1
4295260995 96 333 2
4295261008 74 294 6
4295261021 100 356 5
4295261034 58 306 3
4295261047 81 337 5
4295261060 62 273 1
4295261073 90 332 5
4295261086 65 339 4
4295261099 75 317 2
4295261112 76 293 3
4295261125 61 261 5
4295261138 57 249 3
4295261151 87 323 4
4295261164 70 330 2
4295261177 84 332 1
4295261190 71 322 3
4295261203 71 324 6
4295261216 83 322 5
4295261229 83 331 2
4295261242 89 353 5
4295261255 65 307 1
4295261268 70 308 3
4295261281 89 316 1
4295261294 73 301 1
4295261307 84 355 2
4295261320 77 286 4
4295261333 102 336 1
4295261346 70 302 4
4295261359 68 336 3
4295261372 75 320 3
4295261385 69 336 3
4295261398 75 335 4
4295261411 81 333 2
4295261424 73 321 3
4295261437 70 251 0
4295261450 54 214 3
4295261463 45 190 5
4295261476 33 140 6
4295261489 35 145 3
4295261502 57 246 4
4295261515 76 330 2
4295261528 71 300 5
4295261541 86 317 2
4295261554 79 293 1
4295261567 66 300 4
4295261580 43 239 8
4295261593 50 250 5
4295261606 88 298 5
4295261619 73 338 5
4295261632 66 327 5
4295261645 74 326 5
4295261658 78 324 3
4295261671 65 280 2
4295261684 69 300 7
4295261697 76 333 3
4295261710 73 318 2
4295261723 66 307 3
4295261736 45 299 5
4295261749 63 305 5
4295261762 74 286 5
4295261775 51 240 4
4295261788 60 267 5
4295261801 72 319 0
4295261814 81 349 2
4295261827 68 342 4
4295261840 86 320 3
4295261853 80 335 5
4295261866 85 353 2
4295261879 62 279 3
4295261892 81 313 5
4295261905 69 362 1
4295261918 61 310 3
4295261931 72 345 4
4295261944 81 337 1
4295261957 64 312 3
4295261970 38 264 2
4295261983 74 333 3
4295261996 58 313 5
4295262009 68 329 0
4295262022 37 231 2
4295262035 56 272 2
4295262048 63 320 1
4295262061 72 322 1
4295262074 70 326 1
4295262087 78 370 7
4295262100 70 312 3
4295262113 73 368 1
4295262126 62 339 3
4295262139 57 309 3
4295262152 79 346 5
4295262165 84 332 3
4295262178 66 304 2
4295262191 48 248 4
4295262204 66 266 2
4295262217 101 337 5
4295262230 60 318 5
4295262243 61 321 2
4295262256 76 322 2
4295262269 59 348 4
4295262282 58 345 3
4295262295 49 262 2
4295262308 55 254 4
4295262321 72 357 5
4295262334 66 288 2
4295262347 58 238 9
4295262360 66 290 3
4295262373 45 231 4
4295262386 63 343 0
4295262399 80 348 5
4295262412 58 313 3
4295262425 55 307 5
4295262438 53 312 3
4295262451 72 353 3
4295262464 60 359 4
4295262477 71 318 3
4295262490 72 330 4
4295262503 64 320 3
4295262516 67 341 5
4295262529 67 330 0
4295262542 82 360 2
4295262555 69 276 4
4295262568 79 310 3
4295262581 64 359 5
4295262594 93 338 3
4295262607 60 285 3
4295262620 63 304 3
4295262633 69 324 3
4295262646 65 284 2
4295262659 67 301 3
4295262672 59 292 0
4295262685 64 358 1
4295262698 64 326 2
4295262711 71 275 6
4295262724 91 342 6
4295262737 55 223 3
4295262750 77 336 4
4295262763 72 285 6
4295262776 59 233 3
4295262789 64 310 2
4295262802 74 288 4
4295262815 75 343 4
4295262828 51 311 3
4295262841 60 334 0
4295262854 64 339 4
4295262867 87 408 7
4295262880 151 671 13
4295262893 134 647 13
4295262906 145 671 13
4295262919 150 672 13
4295262932 114 542 11
4295262945 64 288 3
4295262958 71 307 6
4295262971 55 342 3
4295262984 73 329 2
4295262997 66 329 3
4295263010 63 320 5
4295263023 73 344 4
4295263036 63 304 5
4295263049 59 328 4
4295263062 76 314 3
4295263075 69 339 3
4295263088 69 334 4
4295263101 57 289 3
4295263114 82 320 0
4295263127 62 338 5
4295263140 76 347 2
4295263153 62 289 4
4295263166 77 355 6
4295263179 65 330 7
4295263192 66 317 5
4295263205 65 331 2
4295263218 66 320 3
4295263231 76 345 5
4295263244 62 295 5
4295263257 57 248 6
4295263270 83 355 2
4295263283 67 314 2
4295263296 69 357 6
4295263309 77 322 3
4295263322 69 326 3
4295263335 57 331 1
4295263348 56 318 1
4295263361 75 346 0
4295263374 55 338 4
4295263387 58 302 5
4295263400 66 294 3
4295263413 59 355 1
4295263426 77 290 1
4295263439 54 283 3
4295263452 81 308 2
4295263465 75 334 1
4295263478 65 340 1
4295263491 78 323 6
4295263504 64 348 2
4295263517 64 333 2
4295263530 59 311 3
4295263543 69 315 3
4295263556 29 231 5
4295263569 59 320 5
4295263582 70 302 3
4295263595 88 348 5
4295263608 64 322 4
4295263621 56 302 4
4295263634 62 318 1
4295263647 68 314 4
4295263660 74 340 3
4295263673 54 313 5
4295263686 53 322 4
4295263699 55 285 4
4295263712 64 321 3
4295263725 66 338 2
4295263738 64 330 0
4295263751 48 212 7
4295263764 60 297 5
4295263777 67 333 6
4295263790 51 310 1
4295263803 57 339 3
4295263816 71 329 2
4295263829 80 336 5
4295263842 65 293 3
4295263855 55 277 2
4295263868 55 334 5
4295263881 75 346 0
4295263894 54 296 2
4295263907 77 333 3
4295263920 58 336 5
4295263933 48 321 4
4295263946 67 327 2
4295263959 75 333 3
4295263972 68 361 5
4295263985 55 333 3
4295263998 45 271 6
4295264011 58 323 3
4295264024 59 303 3
4295264037 66 352 5
4295264050 68 335 4
4295264063 67 352 2
4295264076 71 309 3
4295264089 53 354 4
4295264102 51 302 1
4295264115 60 321 2
4295264128 69 343 1
4295264141 62 300 4
4295264154 63 296 3
4295264167 61 301 5
4295264180 69 330 6
4295264193 64 330 5
4295264206 63 327 2
4295264219 85 558 12
4295264232 108 613 13
4295264245 110 635 12
4295264258 124 619 13
4295264271 104 455 11
4295264284 58 337 6
4295264297 68 312 5
4295264310 54 307 4
4295264323 54 320 1
4295264336 69 314 3
4295264349 89 351 6
4295264362 56 322 5
4295264375 67 320 4
4295264388 58 320 1
4295264401 75 325 3
4295264414 63 344 4
4295264427 61 357 3
4295264440 70 318 4
4295264453 58 289 3
4295264466 58 324 1
4295264479 57 321 2
4295264492 61 351 4
4295264505 79 323 2
4295264518 64 311 3
4295264531 63 290 7
4295264544 41 286 7
4295264557 71 299 4
4295264570 84 317 5
4295264583 57 315 4
4295264596 65 306 4
4295264609 57 322 3
4295264622 56 307 3
4295264635 66 341 5
4295264648 62 330 3
4295264661 57 306 4
4295264674 52 303 5
4295264687 57 354 4
4295264700 62 322 6
4295264713 65 349 2
4295264726 53 358 1
4295264739 48 296 7
4295264752 34 244 6
4295264765 44 290 1
4295264778 60 287 3
4295264791 59 260 5
4295264804 66 324 3
4295264817 64 329 5
4295264830 38 239 2
4295264843 67 322 5
4295264856 62 334 0
4295264869 64 322 3
4295264882 47 331 2
4295264895 53 288 4
4295264908 58 293 4
4295264921 65 319 2
4295264934 49 313 3
4295264947 58 324 0
4295264960 54 236 6
4295264973 30 152 3
4295264986 57 228 4
4295264999 59 275 3
4295265012 76 337 1
4295265025 50 316 1
4295265038 65 317 3
4295265051 67 322 1
4295265064 75 275 4
4295265077 60 335 3
4295265090 59 334 3
4295265103 45 302 2
4295265116 51 311 3
4295265129 64 338 4
4295265142 74 324 2
4295265155 45 299 3
4295265168 69 383 4
4295265181 71 339 0
4295265194 56 320 4
4295265207 45 292 5
4295265220 61 327 0
4295265233 64 332 2
4295265246 73 313 5
4295265259 84 309 6
4295265272 61 363 3
4295265285 65 321 3
4295265298 55 335 1
4295265311 79 338 2
4295265324 71 304 5
4295265337 51 327 6
4295265350 68 329 6
4295265363 68 334 8
4295265376 78 338 3
4295265389 47 233 3
4295265402 51 287 5
4295265415 53 327 6
4295265428 53 232 2
4295265441 69 326 5
4295265454 66 317 0
4295265467 64 349 5
4295265480 56 306 1
4295265493 56 298 4
4295265506 63 318 5
4295265519 64 322 4
4295265532 55 295 2
4295265545 49 252 5
4295265558 49 284 4
4295265571 56 325 4
4295265584 63 327 5
4295265597 41 306 3
4295265610 48 296 5
4295265623 60 343 5
4295265636 56 310 0
4295265649 56 339 3
4295265662 53 319 6
4295265675 51 364 3
4295265688 41 338 2
4295265701 65 288 0
4295265714 74 336 3
4295265727 56 330 2
4295265740 61 323 4
4295265753 55 326 1
4295265766 47 345 5
4295265779 66 351 7
4295265792 55 333 1
4295265805 66 355 5
4295265818 62 357 4
4295265831 59 335 2
4295265844 52 343 4
4295265857 60 252 1
4295265870 80 312 2
4295265883 73 320 0
4295265896 58 327 4
4295265909 33 250 5
4295265922 41 323 3
4295265935 93 346 3
4295265948 65 329 1
4295265961 45 325 1
4295265974 66 345 2
4295265987 58 324 4
4295266000 52 305 5
4295266013 48 302 6
4295266026 56 309 6
4295266039 64 321 6
4295266052 57 302 4
4295266065 48 328 5
4295266078 47 306 6
4295266091 57 268 6
4295266104 57 301 5
4295266117 70 373 0
4295266130 64 334 3
4295266143 98 539 7
4295266156 111 528 13
4295266169 99 694 13
4295266182 138 645 13
4295266195 117 665 13
4295266208 75 405 7
4295266221 45 298 2
4295266234 66 324 3
4295266247 50 332 0
4295266260 69 321 3
4295266273 54 280 5
4295266286 63 371 3
4295266299 49 310 3
4295266312 50 296 6
4295266325 47 319 7
4295266338 63 386 2
4295266351 63 368 0
4295266364 59 292 3
4295266377 49 322 1
4295266390 28 225 2
4295266403 73 382 6
4295266416 66 327 1
4295266429 61 320 2
4295266442 66 305 5
4295266455 60 294 2
4295266468 44 255 2
4295266481 20 92 1
4295266494 0 0 0
4295266507 0 0 0
4295266520 0 0 0
4295266533 0 0 0
4295266546 0 0 0
4295266559 0 0 0
4295266572 0 0 0
4295266585 0 0 0
4295266598 0 0 0
4295266611 0 0 0
4295266624 0 0 0
4295266637 0 0 0
4295266650 0 0 0
4295266663 0 0 0
4295266676 0 0 0
4295266689 0 0 0
4295266702 0 0 0
4295266715 0 0 0
4295266728 0 0 0
4295266741 0 0 0
4295266754 0 0 0
4295266767 0 0 0
4295266780 0 0 0
4295266793 0 0 0
4295266806 0 0 0
4295266819 0 0 0
4295266832 0 0 0
4295266845 0 0 0
4295266858 0 0 0
4295266871 0 0 0
4295266884 0 0 0
4295266897 0 0 0
4295266910 0 0 0
4295266923 0 0 0
4295266936 0 0 0
4295266949 0 0 0
4295266962 0 0 0
4295266975 0 0 0
4295266988 0 0 0
4295267001 0 0 0
4295267014 0 0 0
4295267027 0 0 0
4295267040 0 0 0
4295267053 0 0 0
4295267066 0 0 0
4295267079 0 0 0
4295267092 0 0 0
4295267105 0 0 0
4295267118 0 0 0
4295267131 0 0 0
4295267144 0 0 0
4295267157 0 0 0
4295267170 0 0 0
4295267183 0 0 0
4295267196 0 0 0
4295267209 0 0 0
4295267222 0 0 0
4295267235 0 0 0
4295267248 0 0 0
4295267261 0 0 0
4295267274 0 0 0
4295267287 0 0 0
4295267300 0 0 0
4295267313 0 0 0
4295267326 0 0 0
4295267339 0 0 0
4295267352 0 0 0
4295267365 0 0 0
4295267378 0 0 0
4295267391 0 0 0
4295267404 0 0 0
4295267417 0 0 0
4295267430 0 0 0
4295267443 0 0 0
4295267456 0 0 0
4295267469 0 0 0
4295267482 0 0 0
4295267495 0 0 0
4295267508 0 0 0
4295267521 0 0 0
4295267534 0 0 0
4295267547 0 0 0
4295267560 0 0 0
4295267573 0 0 0
4295267586 0 0 0
4295267599 0 0 0
4295267612 0 0 0
4295267625 0 0 0
4295267638 0 0 0
4295267651 0 0 0
4295267664 0 0 0
4295267677 0 0 0
4295267690 0 0 0
4295267703 0 0 0
4295267716 0 0 0
4295267729 0 0 0
4295267742 0 0 0
4295267755 0 0 0
4295267768 0 0 0
4295267781 0 0 0
4295267794 0 0 0
4295267807 0 0 0
4295267820 0 0 0
4295267833 0 0 0
4295267846 0 0 0
4295267859 0 0 0
4295267872 0 0 0
4295267885 0 0 0
4295267898 0 0 0
4295267911 0 0 0
4295267924 0 0 0
4295267937 0 0 0
4295267950 0 0 0
4295267963 0 0 0
4295267976 0 0 0
4295267989 0 0 0
4295268002 0 0 0
4295268015 0 0 0
4295268028 0 0 0
4295268041 0 0 0
4295268054 0 0 0
4295268067 0 0 0
4295268080 0 0 0
4295268093 0 0 0
4295268106 0 0 0
4295268119 0 0 0
4295268132 0 0 0
4295268145 0 0 0
4295268158 0 0 0
4295268171 0 0 0
4295268184 0 0 0
4295268197 0 0 0
4295268210 0 0 0
4295268223 0 0 0
4295268236 0 0 0
4295268249 0 0 0
4295268262 0 0 0
4295268275 0 0 0
4295268288 0 0 0
4295268308 0 2 1
4295268321 19 104 2
4295268334 10 69 4
4295268347 29 180 5
4295268360 32 235 8
4295268373 23 188 5
4295268386 16 78 1
4295268399 21 114 2
4295268412 20 139 5
4295268425 34 156 4
4295268438 37 178 8
4295268451 58 302 3
4295268464 53 294 3
4295268477 56 337 2
4295268490 45 282 1
4295268503 50 281 2
4295268516 43 279 5
4295268529 62 343 1
4295268542 53 301 1
4295268555 43 276 5
4295268568 47 273 1
4295268581 49 201 3
4295268594 33 220 7
4295268607 32 174 5
4295268620 55 330 2
4295268633 56 307 1
4295268646 75 336 6
4295268659 60 310 3
4295268672 61 344 4
4295268685 57 306 5
4295268698 70 360 3
4295268711 54 334 4
4295268724 51 344 5
4295268737 67 336 4
4295268750 48 300 6
4295268763 48 350 5
4295268776 73 333 3
4295268789 51 308 2
4295268802 54 347 3
4295268815 57 302 5
4295268828 49 327 3
4295268841 50 293 5
4295268854 55 322 2
4295268867 49 297 1
4295268880 41 325 5
4295268893 49 343 3
4295268906 45 315 2
4295268919 57 331 2
4295268932 55 322 2
4295268945 50 324 5
4295268958 56 343 4
4295268971 60 325 3
4295268984 50 323 4
4295268997 74 307 4
4295269010 67 361 5
4295269023 64 329 2
4295269036 52 316 3
4295269049 44 307 4
4295269062 48 351 4
4295269075 48 299 3
4295269088 49 321 4
4295269101 46 295 5
4295269114 36 240 1
4295269127 47 251 4
4295269140 47 307 0
4295269153 70 355 2
4295269166 63 303 3
4295269179 45 289 4
4295269192 55 331 4
4295269205 56 352 3
4295269218 48 305 4
4295269231 64 297 4
4295269244 60 310 4
4295269257 53 291 3
4295269270 40 303 6
4295269283 61 318 6
4295269296 42 315 4
4295269309 38 323 5
4295269322 35 325 3
4295269335 50 338 1
4295269348 51 297 1
4295269361 41 283 2
4295269374 57 357 4
4295269387 58 301 6
4295269400 49 336 4
4295269413 43 275 4
4295269426 49 304 1
4295269439 28 198 4
4295269452 37 314 5
4295269465 60 352 3
4295269478 46 283 1
4295269491 77 462 9
4295269504 93 594 12
4295269517 103 615 13
4295269530 84 524 9
4295269543 112 666 13
4295269556 70 469 11
4295269569 37 255 3
4295269582 47 317 7
4295269595 33 233 6
4295269608 32 264 4
4295269621 23 181 5
4295269634 59 323 4
4295269647 60 337 2
4295269660 55 312 3
4295269673 45 339 2
4295269686 54 293 3
4295269699 42 319 6
4295269712 56 317 3
4295269725 35 291 1
4295269738 43 322 2
4295269751 55 309 4
4295269764 38 314 3
4295269777 62 309 1
4295269790 61 334 5
4295269803 51 332 4
4295269816 37 310 2
4295269829 48 302 3
4295269842 37 289 1
4295269855 65 354 4
4295269868 46 262 1
4295269881 60 342 1
4295269894 53 327 5
4295269907 33 307 2
4295269920 49 295 3
4295269933 44 339 2
4295269946 41 354 5
4295269959 45 329 3
4295269972 47 321 2
4295269985 46 306 4
4295269998 59 371 3
4295270011 46 281 1
4295270024 61 300 4
4295270037 46 285 3
4295270050 45 222 2
4295270063 52 339 5
4295270076 49 279 5
4295270089 72 314 4
4295270102 36 298 3
4295270115 28 222 4
4295270128 44 355 1
4295270141 44 287 2
4295270154 43 299 2
4295270167 42 289 3
4295270180 46 345 4
4295270193 55 296 6
4295270206 50 304 4
4295270219 48 298 1
4295270232 53 318 2
4295270245 52 336 2
4295270258 50 318 1
4295270271 47 307 3
4295270284 73 377 4
4295270297 51 296 5
4295270310 46 308 4
4295270323 45 302 3
4295270336 50 297 3
4295270349 67 370 1
4295270362 57 329 2
4295270375 54 350 3
4295270388 52 332 2
4295270401 70 351 5
4295270414 72 363 6
4295270427 52 342 5
4295270440 58 312 3
4295270453 52 318 0
4295270466 41 255 4
4295270479 37 265 5
4295270492 34 278 6
4295270505 41 295 3
4295270518 50 337 5
4295270531 46 295 5
4295270544 44 300 5
4295270557 49 279 3
4295270570 38 258 8
4295270583 53 318 3
4295270596 49 348 4
4295270609 51 299 4
4295270622 55 299 5
4295270635 54 291 5
4295270648 42 221 5
4295270661 48 314 5
4295270674 50 316 5
4295270687 52 323 6
4295270700 55 329 4
4295270713 54 342 4
4295270726 91 665 13
4295270739 81 551 10
4295270752 47 317 3
4295270765 52 290 5
4295270778 44 335 4
4295270791 62 309 2
4295270804 40 299 3
4295270817 47 307 2
4295270830 67 326 2
4295270843 50 322 2
4295270856 52 312 3
4295270869 57 301 4
4295270882 56 328 5
4295270895 67 286 4
4295270908 50 323 2
4295270921 56 296 5
4295270934 45 314 0
4295270947 49 341 4
4295270960 53 305 5
4295270973 41 314 4
4295270986 61 333 2
4295270999 61 325 5
4295271012 46 324 2
4295271025 41 212 3
4295271038 51 332 3
4295271051 47 298 5
4295271064 28 171 5
4295271077 31 239 6
4295271090 61 315 5
4295271103 37 325 2
4295271116 47 304 3
4295271129 57 314 7
4295271142 57 326 2
4295271155 54 300 2
4295271168 39 290 2
4295271181 54 349 6
4295271194 54 333 2
4295271207 53 311 0
4295271220 44 294 3
4295271233 45 330 3
4295271246 66 334 5
4295271259 53 347 5
4295271272 59 320 2
4295271285 57 306 3
4295271298 44 341 4
4295271311 51 334 1
4295271324 45 305 5
4295271337 51 325 3
4295271350 41 312 4
4295271363 35 250 1
4295271376 45 312 6
4295271389 42 307 2
4295271402 39 304 5
4295271415 52 321 0
4295271428 47 299 3
4295271441 47 322 5
4295271454 45 279 3
4295271467 54 346 7
4295271480 52 338 4
4295271493 62 339 5
4295271506 58 335 3
4295271519 42 272 3
4295271532 75 502 9
4295271545 94 608 12
4295271558 96 581 13
4295271571 117 700 13
4295271584 103 621 13
4295271597 87 619 12
4295271610 53 320 5
4295271623 49 312 4
4295271636 38 359 4
4295271649 48 316 1
4295271662 40 296 0
4295271675 31 248 5
4295271688 54 348 5
4295271701 43 311 3
4295271714 43 309 2
4295271727 53 322 3
4295271740 45 320 3
4295271753 49 349 4
4295271766 41 311 2
4295271779 43 322 3
4295271792 35 294 3
4295271805 45 350 4
4295271818 48 272 4
4295271831 31 249 7
4295271844 41 329 3
4295271857 36 289 1
4295271870 35 324 4
4295271883 47 330 5
4295271896 50 329 5
4295271909 42 321 2
4295271922 48 301 6
4295271935 67 322 1
4295271948 56 341 5
4295271961 55 326 6
4295271974 55 295 5
4295271987 52 281 3
4295272000 48 342 3
4295272013 82 355 2
4295272026 49 350 3
4295272039 34 292 5
4295272052 57 344 5
4295272065 32 299 5
4295272078 57 335 5
4295272091 35 325 4
4295272104 62 331 5
4295272117 42 332 3
4295272130 43 278 2
4295272143 33 224 4
4295272156 42 322 4
4295272169 41 335 3
4295272182 53 343 0
4295272195 43 307 4
4295272208 27 318 2
4295272221 54 336 3
4295272234 48 306 2
4295272247 33 298 3
4295272260 44 318 5
4295272273 41 313 2
4295272286 34 219 4
4295272299 24 206 4
4295272312 41 329 5
4295272325 39 317 2
4295272338 28 309 4
4295272351 48 365 3
4295272364 52 361 3
4295272377 57 370 3
4295272390 35 235 4
4295272403 30 231 5
4295272416 27 174 3
4295272429 32 250 2
4295272442 54 335 1
4295272455 35 313 5
4295272468 34 315 1
4295272481 40 299 4
4295272494 40 312 4
4295272507 47 317 4
4295272520 59 356 4
4295272533 52 369 3
4295272546 43 299 3
4295272559 40 325 2
4295272572 50 368 2
4295272585 37 284 4
4295272598 36 331 3
4295272611 43 338 6
4295272624 43 300 1
4295272637 48 335 5
4295272650 44 295 2
4295272663 38 328 4
4295272676 38 316 4
4295272689 55 369 4
4295272702 47 351 2
4295272715 35 238 4
4295272728 28 200 5
4295272741 36 250 5
4295272754 42 335 1
4295272767 37 248 7
4295272780 6 60 4
4295272793 15 120 4
4295272806 28 167 1
4295272819 21 140 4
4295272832 23 139 5
4295272845 42 296 4
4295272858 48 307 5
4295272871 41 305 3
4295272884 28 250 1
4295272897 40 332 3
4295272910 56 337 2
4295272923 39 216 3
4295272936 36 328 4
4295272949 39 347 2
4295272962 38 221 5
4295272975 40 311 3
4295272988 42 338 3
4295273001 52 309 4
4295273014 21 220 5
4295273027 26 292 1
4295273040 59 287 1
4295273053 42 306 1
4295273066 35 327 2
4295273079 42 345 2
4295273092 43 330 1
4295273105 50 331 3
4295273118 43 307 1
4295273131 54 337 3
4295273144 39 317 5
4295273157 38 324 3
4295273170 42 332 3
4295273183 40 269 2
4295273196 33 318 0
4295273209 49 311 3
4295273222 54 341 3
4295273235 50 323 3
4295273248 54 305 4
4295273261 41 309 4
4295273274 50 329 6
4295273287 42 301 4
4295273300 50 311 5
4295273313 41 343 6
4295273326 53 286 5
4295273339 37 282 4
4295273352 28 275 5
4295273365 53 313 4
4295273378 34 303 4
4295273391 45 337 7
4295273404 52 333 4
4295273417 49 330 2
4295273430 48 313 6
4295273443 36 338 0
4295273456 35 315 4
4295273469 50 339 5
4295273482 33 277 4
4295273495 27 271 1
4295273508 44 329 4
4295273521 28 231 5
4295273534 38 279 1
4295273547 53 327 1
4295273560 37 304 0
4295273573 32 322 3
4295273586 37 317 2
4295273599 52 359 1
4295273612 45 331 0
4295273625 39 314 4
4295273638 39 320 1
4295273651 39 305 3
4295273664 44 342 7
4295273677 36 299 6
4295273690 46 331 1
4295273703 44 514 9
4295273716 91 666 13
4295273729 88 693 13
4295273742 80 652 13
4295273755 76 646 13
4295273768 84 716 13
4295273781 58 544 11
4295273794 41 427 4
4295273807 50 329 0
4295273820 32 331 3
4295273833 48 378 4
4295273846 52 300 4
4295273859 37 336 4
4295273872 51 312 2
4295273885 35 315 4
4295273898 49 299 4
4295273911 39 339 4
4295273924 45 303 5
4295273937 16 186 3
4295273950 35 299 4
4295273963 35 286 6
4295273976 32 173 3
4295273989 0 11 0
4295274002 0 0 0
4295274015 0 0 0
4295274028 0 0 0
4295274041 0 0 0
4295274054 0 0 0
4295274067 0 0 0
4295274080 0 0 0
4295274093 0 0 0
4295274106 0 0 0
4295274119 0 0 0
4295274132 0 0 0
4295274145 0 0 0
4295274158 0 0 0
4295274171 0 0 0
4295274184 0 0 0
4295274197 0 0 0
4295274210 0 0 0
4295274223 0 0 0
4295274236 0 0 0
4295274249 0 0 0
4295274262 0 0 0
4295274275 0 0 0
4295274288 0 0 0
4295274301 0 0 0
4295274314 0 0 0
4295274327 0 0 0
4295274340 0 0 0
4295274353 0 0 0
4295274366 0 0 0
4295274379 0 0 0
4295274392 0 0 0
4295274405 0 0 0
4295274418 0 0 0
4295274431 0 0 0
4295274444 0 0 0
4295274457 0 0 0
4295274470 0 0 0
4295274483 0 0 0
4295274496 0 0 0
4295274509 0 0 0
4295274522 0 0 0
4295274535 0 0 0
4295274548 0 0 0
4295274561 0 0 0
4295274574 0 0 0
4295274587 0 0 0
4295274600 0 0 0
4295274613 0 0 0
4295274626 0 0 0
4295274639 0 0 0
4295274652 0 0 0
4295274665 0 0 0
4295274678 0 0 0
4295274691 0 0 0
4295274704 0 0 0
4295274717 0 0 0
4295274730 0 0 0
4295274743 0 0 0
4295274756 0 0 0
4295274769 0 0 0
4295274782 0 0 0
4295274795 0 0 0
4295274808 0 0 0
4295274821 0 0 0
4295274834 0 0 0
4295274847 0 0 0
4295274860 0 0 0
4295274873 0 0 0
4295274886 0 0 0
4295274899 0 0 0
4295274912 0 0 0
4295274925 0 0 0
4295274938 0 0 0
4295274951 0 0 0
4295274964 0 0 0
4295274977 0 0 0
4295274990 0 0 0
4295275003 0 0 0
4295275016 0 0 0
4295275030 0 0 0
4295275043 0 0 0
4295275058 0 0 0
4295275071 0 0 0
4295275084 0 0 0
4295275097 0 0 0
4295275110 0 0 0
4295275123 0 0 0
4295275136 0 0 0
4295275149 0 0 0
4295275162 0 0 0
4295275175 0 0 0
4295275188 0 0 0
4295275201 0 0 0
4295275214 0 0 0
4295275227 0 0 0
4295275240 0 0 0
4295275253 0 0 0
4295275266 0 0 0
4295275279 0 0 0
4295275292 0 0 0
4295275305 0 0 0
4295275318 0 0 0
4295275331 0 0 0
4295275344 0 0 0
4295275358 0 0 0
4295275371 0 0 0
4295275384 0 0 0
4295275397 0 0 0
4295275410 0 0 0
4295275423 0 0 0
4295275436 0 0 0
4295275449 0 0 0
4295275462 0 0 0
4295275475 0 0 0
4295275488 0 0 0
4295275501 0 0 0
4295275514 0 0 0
4295275527 0 0 0
4295275540 0 0 0
4295275558 0 0 0
4295275571 0 0 0
4295275584 0 0 0
4295275597 0 0 0
4295275610 0 0 0
4295275623 0 0 0
4295275640 0 0 0
4295275653 0 0 0
4295275666 0 0 0
4295275681 0 0 0
4295275694 0 0 0
4295275707 0 0 0
4295275720 0 0 0
4295275733 0 0 0
4295275746 0 0 0
4295275759 0 0 0
4295275772 0 0 0
4295275785 0 0 0
4295275798 0 0 0
4295275812 0 0 0
4295275825 0 0 0
4295275838 0 0 0
4295275852 0 0 0
4295275865 0 0 0
4295275878 0 0 0
4295275891 0 0 0
4295275904 0 0 0
4295275917 0 0 0
4295275930 0 0 0
4295275943 0 0 0
4295275957 0 0 0
4295275970 0 0 0
4295275983 0 0 0
4295275996 0 0 0
4295276009 0 0 0
4295276022 0 0 0
4295276035 0 0 0
4295276048 0 0 0
4295276061 0 0 0
4295276075 1 33 1
4295276089 2 4 2
4295276102 8 36 3
4295276115 15 121 3
4295276128 4 53 6
4295276141 20 138 1
4295276154 5 75 6
4295276167 20 175 4
4295276180 38 238 3
4295276193 40 211 3
4295276206 24 214 3
4295276219 25 214 2
4295276232 22 226 5
4295276245 8 74 5
4295276258 30 230 1
4295276271 38 233 3
4295276284 42 268 6
4295276297 29 241 5
4295276310 32 283 5
4295276323 36 235 5
4295276336 31 272 4
4295276349 38 291 3
4295276362 40 282 4
4295276375 30 273 3
4295276388 39 308 1
4295276401 40 326 4
4295276414 42 308 5
4295276427 32 302 0
4295276440 52 313 3
4295276453 43 273 4
4295276466 47 305 5
4295276479 40 308 1
4295276492 47 303 2
4295276505 45 320 2
4295276518 50 312 5
4295276531 34 320 2
4295276544 26 208 4
4295276557 46 299 3
4295276570 33 334 0
4295276583 55 311 2
4295276596 41 358 1
4295276609 41 355 0
4295276622 35 323 5
4295276635 51 370 5
4295276648 46 298 2
4295276661 42 310 4
4295276674 44 284 2
4295276687 25 281 1
4295276700 18 179 5
4295276713 32 245 5
4295276726 37 271 3
4295276739 32 331 4
4295276752 42 319 4
4295276765 45 337 2
4295276778 34 332 1
4295276791 46 334 2
4295276804 40 271 5
4295276817 27 272 3
4295276830 45 345 4
4295276843 44 298 5
4295276856 48 374 0
4295276869 40 296 3
4295276882 40 331 1
4295276895 35 329 2
4295276908 23 290 2
4295276921 36 334 4
4295276934 43 318 0
4295276947 42 295 3
4295276960 23 194 5
4295276973 35 294 2
4295276986 30 312 3
4295276999 38 324 5
4295277012 28 291 5
4295277025 48 359 4
4295277038 40 293 5
4295277051 39 325 0
4295277064 32 335 2
4295277077 35 272 1
4295277090 44 342 2
4295277103 33 227 3
4295277116 27 228 5
4295277129 36 304 5
4295277142 39 351 3
4295277155 39 286 5
4295277168 39 306 4
4295277181 47 336 6
4295277194 29 308 2
4295277207 41 317 4
4295277220 27 270 5
4295277233 29 271 1
4295277246 29 276 3
4295277259 30 254 7
4295277272 41 296 3
4295277285 17 193 3
4295277298 22 186 4
4295277311 29 315 2
4295277324 31 324 3
4295277337 28 271 4
4295277350 41 331 3
4295277363 16 160 0
4295277376 7 45 0
4295277389 5 64 0
4295277402 7 55 1
4295277415 2 35 3
4295277428 11 80 0
4295277441 9 59 0
4295277454 13 100 4
4295277467 81 677 13
4295277480 83 631 13
4295277493 81 683 13
4295277506 82 663 13
4295277519 63 646 13
4295277532 78 658 13
4295277545 78 668 12
4295277558 47 532 13
4295277571 63 661 13
4295277584 48 460 12
4295277597 54 529 13
4295277610 73 649 13
4295277623 71 659 13
4295277636 75 665 12
4295277649 50 335 5
4295277662 38 331 0
4295277675 27 323 0
4295277688 21 258 2
4295277701 27 222 6
4295277714 27 201 4
4295277727 28 259 7
4295277740 19 183 5
4295277753 39 314 3
4295277766 34 356 2
4295277779 32 336 2
4295277792 34 329 2
4295277805 32 308 2
4295277818 43 296 1
4295277831 29 299 5
4295277844 27 306 5
4295277857 19 214 4
4295277870 45 347 5
4295277883 31 329 2
4295277896 41 330 3
4295277909 48 347 3
4295277922 14 137 3
4295277935 8 118 7
4295277948 10 86 7
4295277961 12 103 5
4295277976 13 143 4
4295277989 4 122 5
4295278002 13 99 4
4295278015 7 49 1
4295278028 3 71 7
4295278041 18 146 6
4295278054 19 165 7
4295278068 11 106 2
4295278081 13 113 5
4295278094 17 163 6
4295278107 20 179 4
4295278120 24 202 4
4295278134 21 200 5
4295278147 21 200 6
4295278160 11 112 6
4295278173 12 187 5
4295278186 23 218 5
4295278199 12 186 3
4295278212 19 167 5
4295278225 14 202 5
4295278238 30 280 5
4295278251 27 292 4
4295278264 37 289 1
4295278277 41 299 4
4295278290 40 355 2
4295278303 34 245 2
4295278316 29 285 2
4295278329 33 331 2
4295278342 36 289 4
4295278355 27 286 4
4295278368 36 297 4
4295278381 24 280 4
4295278394 51 529 12
4295278407 70 583 13
4295278420 40 314 1
4295278433 37 315 5
4295278446 41 359 3
4295278459 27 170 4
4295278472 59 344 5
4295278485 50 340 4
4295278498 48 353 5
4295278511 37 326 0
4295278524 59 565 10
4295278537 39 297 8
4295278550 41 441 10
4295278563 64 671 13
4295278576 34 411 7
4295278589 33 346 1
4295278602 22 231 1
4295278615 36 308 3
4295278628 30 292 4
4295278641 42 334 2
4295278654 29 348 3
4295278667 22 224 5
4295278680 56 494 11
4295278693 27 366 12
4295278706 29 326 1
4295278719 21 263 2
4295278732 21 180 4
4295278745 3 53 3
4295278758 17 148 4
4295278771 8 113 5
4295278784 21 174 5
4295278797 23 241 8
4295278810 8 121 8
4295278823 15 120 6
4295278836 13 128 5
4295278849 14 99 6
4295278863 11 104 6
4295278876 11 113 7
4295278889 17 196 5
4295278902 25 196 6
4295278915 26 242 6
4295278928 16 235 2
4295278941 20 206 0
4295278954 22 203 6
4295278967 28 241 3
4295278980 38 272 2
4295278993 29 271 4
4295279006 18 183 6
4295279019 22 187 5
4295279032 36 273 4
4295279045 17 201 5
4295279058 19 189 4
4295279071 29 242 2
4295279084 18 248 5
4295279097 18 194 2
4295279110 15 158 4
4295279123 27 244 4
4295279136 22 177 1
4295279149 12 121 7
4295279162 22 188 4
4295279175 12 177 5
4295279188 21 156 6
4295279201 18 218 4
4295279214 27 247 5
4295279227 41 291 5
4295279240 40 280 6
4295279253 37 308 5
4295279266 29 237 4
4295279279 30 279 3
4295279292 33 293 3
4295279305 40 332 7
4295279318 15 142 6
4295279331 16 146 5
4295279344 19 209 4
4295279357 32 228 4
4295279370 36 259 6
4295279383 14 137 6
4295279396 34 242 4
4295279409 29 263 2
4295279422 37 352 3
4295279435 31 301 1
4295279448 29 231 4
4295279461 33 279 5
4295279474 31 272 3
4295279487 34 302 5
4295279500 30 245 6
4295279513 48 300 4
4295279526 30 340 4
4295279539 33 345 3
4295279552 34 322 3
4295279565 48 355 1
4295279578 33 337 1
4295279591 33 379 2
4295279604 40 379 1
4295279617 37 331 3
4295279630 43 335 2
4295279643 27 310 1
4295279656 29 316 4
4295279669 33 375 5
4295279682 33 313 3
4295279695 44 338 4
4295279708 42 293 5
4295279721 44 377 4
4295279734 37 331 4
4295279747 32 338 3
4295279760 34 243 5
4295279773 20 182 4
4295279786 19 138 6
4295279799 11 82 3
4295279813 7 104 4
4295279826 34 271 2
4295279839 16 96 5
4295279852 20 210 5
4295279865 35 242 2
4295279878 37 251 3
4295279891 27 244 5
4295279904 23 216 5
4295279920 10 134 3
4295279933 12 99 9
4295279949 3 25 1
4295279962 39 313 9
4295279975 43 353 1
4295279988 29 259 4
4295280001 16 188 5
4295280014 17 258 5
4295280027 34 249 5
4295280040 23 245 5
4295280053 44 319 5
4295280066 27 202 4
4295280079 27 298 5
4295280092 29 289 4
4295280105 41 351 4
4295280118 26 327 3
4295280131 36 309 6
4295280144 23 297 4
4295280157 33 257 2
4295280170 28 243 6
4295280183 22 239 2
4295280196 21 246 4
4295280209 35 362 0
4295280222 39 352 3
4295280235 35 318 2
4295280248 29 245 6
4295280261 27 247 6
4295280274 37 346 5
4295280287 36 347 3
4295280300 55 343 3
4295280313 43 302 4
4295280326 45 355 4
4295280339 43 316 0
4295280352 17 150 3
4295280365 8 47 6
4295280378 11 89 7
4295280392 3 55 5
4295280406 10 89 6
4295280421 4 62 5
4295280434 20 128 7
4295280449 12 78 6
4295280462 8 89 7
4295280475 6 60 5
4295280488 9 86 12
4295280501 20 204 12
4295280514 20 123 12
4295280527 11 95 13
4295280540 5 114 13
4295280553 47 431 13
4295280566 65 617 13
4295280579 66 685 13
4295280592 67 658 13
4295280605 37 365 7
4295280618 26 271 6
4295280631 52 328 3
4295280644 32 337 2
4295280657 29 334 2
4295280670 27 291 4
4295280683 23 332 1
4295280696 38 304 3
4295280709 15 237 3
4295280722 29 332 3
4295280735 25 307 4
4295280748 32 334 4
4295280761 22 346 2
4295280774 11 148 5
4295280787 23 240 5
4295280800 12 129 6
4295280813 25 295 3
4295280826 28 275 4
4295280839 43 334 4
4295280852 26 294 5
4295280865 31 322 3
4295280878 19 268 4
4295280891 40 325 7
4295280904 34 313 5
4295280917 30 320 4
4295280930 25 327 5
4295280943 39 327 3
4295280956 31 361 4
4295280969 35 284 3
4295280982 31 306 2
4295280995 27 292 3
4295281008 14 82 7
4295281021 25 260 5
4295281034 17 243 4
4295281047 32 295 6
4295281060 19 274 4
4295281073 24 317 4
4295281086 32 338 5
4295281099 12 175 2
4295281112 21 243 3
4295281125 5 170 6
4295281138 8 85 6
4295281151 1 15 4
4295281164 13 138 7
4295281178 7 76 8
4295281192 15 103 8
4295281205 18 116 8
4295281218 12 91 6
4295281233 10 88 8
4295281246 10 90 8
4295281259 8 55 7
4295281273 11 78 7
4295281286 4 46 6
4295281299 20 212 6
4295281312 27 250 3
4295281325 27 310 5
4295281338 24 221 4
4295281351 23 131 3
4295281364 33 331 2
4295281377 44 348 3
4295281390 34 363 3
4295281403 37 345 2
4295281416 21 332 5
4295281429 27 366 3
4295281442 24 272 5
4295281455 26 211 4
4295281468 24 208 4
4295281481 9 136 4
4295281494 0 0 0
4295281507 0 0 0
4295281520 0 0 0
4295281533 0 0 0
4295281546 0 0 0
4295281559 0 0 0
4295281572 0 0 0
4295281585 0 0 0
4295281598 0 0 0
4295281611 0 0 0
4295281624 0 0 0
4295281637 0 0 0
4295281650 0 0 0
4295281663 0 0 0
4295281676 0 0 0
4295281689 0 0 0
4295281702 0 0 0
4295281715 0 0 0
4295281728 0 0 0
4295281741 0 0 0
4295281754 0 0 0
4295281767 0 0 0
4295281780 0 0 0
4295281793 0 0 0
4295281806 0 0 0
4295281819 0 0 0
4295281832 0 0 0
4295281845 0 0 0
4295281858 0 0 0
4295281871 0 0 0
4295281884 0 0 0
4295281897 0 0 0
4295281910 0 0 0
4295281923 0 0 0
4295281936 0 0 0
4295281949 0 0 0
4295281962 0 0 0
4295281975 0 0 0
4295281988 0 0 0
4295282001 0 0 0
4295282017 0 0 0
4295282030 0 0 0
4295282043 0 0 0
4295282056 0 0 0
4295282069 0 0 0
4295282082 0 0 0
4295282095 0 0 0
4295282108 0 0 0
4295282121 0 0 0
4295282134 0 0 0
4295282147 0 0 0
4295282160 0 0 0
4295282173 0 0 0
4295282186 0 0 0
4295282199 0 0 0
4295282212 0 0 0
4295282225 0 0 0
4295282238 0 0 0
4295282251 0 0 0
4295282264 0 0 0
4295282277 0 0 0
4295282290 0 0 0
4295282303 0 0 0
4295282316 0 0 0
4295282329 0 0 0
4295282342 0 0 0
4295282355 0 0 0
4295282368 0 0 0
4295282381 0 0 0
4295282394 0 0 0
4295282407 0 0 0
4295282420 0 0 0
4295282433 0 0 0
4295282446 0 0 0
4295282459 0 0 0
4295282472 0 0 0
4295282485 0 0 0
4295282498 0 0 0
4295282511 0 0 0
4295282524 0 0 0
4295282537 0 0 0
4295282550 0 0 0
4295282563 0 0 0
4295282576 0 0 0
4295282589 0 0 0
4295282602 0 0 0
4295282615 0 0 0
4295282628 0 0 0
4295282641 0 0 0
4295282654 0 0 0
4295282667 0 0 0
4295282680 0 0 0
4295282693 0 0 0
4295282706 0 0 0
4295282719 0 0 0
4295282732 0 0 0
4295282745 0 0 0
4295282758 0 0 0
4295282771 0 0 0
4295282784 0 0 0
4295282797 0 0 0
4295282810 0 0 0
4295282823 0 0 0
4295282836 0 0 0
4295282849 0 0 0
4295282862 0 0 0
4295282875 0 0 0
4295282888 0 0 0
4295282901 0 0 0
4295282914 0 0 0
4295282927 0 0 0
4295282940 0 0 0
4295282953 0 0 0
4295282966 0 0 0
4295282979 0 0 0
4295282992 0 0 0
4295283005 0 0 0
4295283018 0 0 0
4295283031 0 0 0
4295283044 0 0 0
4295283057 0 0 0
4295283070 0 0 0
4295283083 0 0 0
4295283096 0 0 0
4295283109 0 0 0
4295283122 0 0 0
4295283135 0 0 0
4295283148 0 0 0
4295283161 0 0 0
4295283174 0 0 0
4295283187 0 0 0
4295283200 0 0 0
4295283213 0 0 0
4295283226 0 0 0
4295283239 0 0 0
4295283252 0 0 0
4295283265 0 0 0
4295283278 0 0 0
4295283291 0 0 0
4295283304 0 0 0
4295283322 12 55 0
4295283335 9 89 2
4295283348 8 135 3
4295283361 13 202 4
4295283374 17 191 4
4295283387 40 349 2
4295283400 40 316 3
4295283413 33 345 4
4295283426 35 271 3
4295283439 28 292 0
4295283452 40 319 5
4295283465 25 280 5
4295283478 48 317 3
4295283491 38 299 1
4295283504 33 393 4
4295283517 34 320 5
4295283530 34 342 0
4295283543 39 323 4
4295283556 25 294 2
4295283569 22 252 4
4295283582 23 249 4
4295283595 38 289 0
4295283608 26 307 0
4295283621 32 343 4
4295283634 24 265 0
4295283647 39 258 4
4295283660 34 308 5
4295283673 28 321 3
4295283686 20 271 5
4295283699 34 266 3
4295283712 30 290 4
4295283725 38 351 4
4295283738 38 384 3
4295283751 35 325 3
4295283764 23 211 4
4295283777 28 260 6
4295283790 30 309 7
4295283803 34 348 3
4295283816 34 348 4
4295283829 31 333 3
4295283842 44 347 3
4295283855 29 319 3
4295283868 21 183 2
4295283881 14 188 3
4295283894 29 287 1
4295283907 38 333 3
4295283920 42 318 4
4295283933 36 316 5
4295283946 16 198 7
4295283959 34 295 3
4295283972 37 308 4
4295283985 36 329 2
4295283998 27 322 4
4295284011 31 277 3
4295284024 37 327 1
4295284037 33 252 5
4295284050 33 306 1
4295284063 34 382 4
4295284076 39 325 5
4295284089 41 284 3
4295284102 40 337 4
4295284115 33 346 2
4295284128 50 329 2
4295284141 61 325 3
4295284154 25 187 5
4295284167 44 291 3
4295284180 27 303 3
4295284193 38 344 0
4295284206 41 325 2
4295284219 62 609 11
4295284232 59 617 13
4295284245 64 684 13
4295284258 81 696 13
4295284271 55 419 4
4295284284 38 361 2
4295284297 38 353 4
4295284310 29 363 6
4295284323 34 323 0
4295284336 40 354 3
4295284349 33 298 4
4295284362 23 354 3
4295284375 27 317 3
4295284388 35 297 3
4295284401 40 332 1
4295284414 29 296 3
4295284427 25 323 6
4295284440 47 385 2
4295284453 22 320 4
4295284466 40 393 1
4295284479 38 343 1
4295284492 35 328 6
4295284505 32 333 3
4295284518 38 343 3
4295284531 41 347 5
4295284544 35 312 3
4295284557 37 351 2
4295284570 30 337 2
4295284583 49 323 4
4295284596 31 308 3
4295284609 26 239 3
4295284622 42 341 6
4295284635 36 347 3
4295284648 35 311 3
4295284661 35 323 3
4295284674 38 323 5
4295284687 27 305 4
4295284700 41 374 3
4295284713 28 321 6
4295284726 26 341 2
4295284739 32 357 4
4295284752 39 348 2
4295284765 30 335 0
4295284778 34 332 1
4295284791 37 350 5
4295284804 32 356 1
4295284817 33 375 5
4295284830 29 349 0
4295284843 32 297 2
4295284856 29 319 1
4295284869 24 306 1
4295284882 33 370 4
4295284895 40 338 2
4295284908 41 335 3
4295284921 29 322 1
4295284934 33 322 3
4295284947 33 344 5
4295284960 27 322 6
4295284973 37 350 4
4295284986 28 289 4
4295284999 34 342 4
4295285012 28 323 3
4295285025 43 334 4
4295285038 42 372 3
4295285051 32 345 5
4295285064 29 305 2
4295285077 38 364 4
4295285090 29 339 6
4295285103 37 365 6
4295285116 46 382 4
4295285129 58 723 13
4295285142 44 497 9
4295285155 26 349 4
4295285168 37 415 5
4295285181 23 342 5
4295285194 40 361 2
4295285207 44 421 5
4295285220 22 346 3
4295285233 34 371 4
4295285246 27 345 2
4295285259 39 327 0
4295285272 33 329 1
4295285285 31 308 4
4295285298 22 297 3
4295285311 19 244 2
4295285324 32 334 0
4295285337 28 330 4
4295285350 30 349 4
4295285363 33 332 0
4295285376 29 359 3
4295285389 40 346 4
4295285402 33 371 4
4295285415 28 308 5
4295285428 31 369 3
4295285441 35 276 3
4295285454 34 329 4
4295285467 34 328 4
4295285480 36 317 2
4295285493 42 316 5
4295285506 17 174 3
4295285519 20 273 7
4295285532 35 322 5
4295285545 19 199 4
4295285558 28 235 2
4295285571 37 305 5
4295285584 32 304 4
4295285597 35 335 4
4295285610 30 292 2
4295285623 42 361 4
4295285636 40 338 2
4295285649 26 328 4
4295285662 43 365 6
4295285675 29 334 4
4295285688 21 235 3
4295285701 32 328 6
4295285714 30 358 4
4295285727 46 362 4
4295285740 40 294 0
4295285753 37 335 4
4295285766 42 343 1
4295285779 37 346 1
4295285792 35 349 4
4295285805 25 318 3
4295285818 50 352 3
4295285831 37 335 4
4295285844 41 330 5
4295285857 38 336 3
4295285870 27 345 0
4295285883 28 259 5
4295285896 32 342 3
4295285909 35 374 3
4295285922 39 337 4
4295285935 38 337 3
4295285948 33 332 2
4295285961 32 350 3
4295285974 37 336 5
4295285987 30 347 4
4295286000 39 312 5
4295286013 31 308 3
4295286026 41 386 3
4295286039 30 309 5
4295286052 33 308 5
4295286065 30 323 1
4295286078 53 338 3
4295286091 30 382 3
4295286104 29 250 7
4295286117 32 327 4
4295286130 35 334 3
4295286143 35 334 4
4295286156 21 316 1
4295286169 32 292 5
4295286182 42 357 1
4295286195 25 257 6
4295286208 16 279 4
4295286221 37 324 6
4295286234 37 345 3
4295286247 43 336 4
4295286260 34 286 3
4295286273 37 312 4
4295286286 32 338 5
4295286299 31 322 4
4295286312 48 350 1
4295286325 37 349 2
4295286338 23 325 0
4295286351 34 340 0
4295286364 49 379 3
4295286377 34 357 2
4295286390 26 329 1
4295286403 41 327 1
4295286416 22 220 5
4295286429 33 357 5
4295286442 28 329 5
4295286455 46 390 3
4295286468 42 360 3
4295286481 35 339 3
4295286494 49 361 3
4295286507 34 310 2
4295286520 47 360 2
4295286533 41 319 6
4295286546 63 677 13
4295286559 55 591 13
4295286572 70 715 13
4295286585 54 704 13
4295286598 35 457 7
4295286611 43 368 3
4295286624 20 254 3
4295286637 36 347 2
4295286650 36 336 4
4295286663 27 371 4
4295286676 28 392 4
4295286689 33 323 6
4295286702 32 280 3
4295286715 24 373 2
4295286728 23 307 5
4295286741 46 348 3
4295286754 29 297 3
4295286767 24 316 1
4295286780 31 341 4
4295286793 31 306 1
4295286806 35 367 4
4295286819 35 368 1
4295286832 38 355 0
4295286845 26 243 3
4295286858 21 294 4
4295286871 30 327 0
4295286884 27 365 5
4295286897 35 343 2
4295286910 27 341 2
4295286923 30 341 4
4295286936 29 344 3
4295286949 37 363 2
4295286962 36 335 5
4295286975 30 364 2
4295286988 38 357 3
4295287001 29 324 4
4295287014 36 352 2
4295287027 33 325 3
4295287040 28 376 2
4295287053 30 331 5
4295287066 39 349 3
4295287079 31 330 3
4295287092 24 386 4
4295287105 36 344 1
4295287118 29 355 1
4295287131 19 258 2
4295287144 28 276 2
4295287157 26 272 4
4295287170 17 297 4
4295287183 32 360 2
4295287196 29 336 5
4295287209 31 340 5
4295287222 34 374 2
4295287235 26 367 1
4295287248 42 364 2
4295287261 38 363 5
4295287274 29 353 0
4295287287 29 298 2
4295287300 20 251 2
4295287313 33 218 5
4295287326 28 362 3
4295287339 29 309 4
4295287352 36 354 4
4295287365 35 371 0
4295287378 30 354 4
4295287391 22 333 3
4295287404 24 341 4
4295287417 35 343 4
4295287430 29 338 6
4295287443 31 380 6
4295287456 18 343 3
4295287469 45 363 2
4295287482 40 368 4
4295287495 28 322 2
4295287508 21 366 4
4295287521 31 384 3
4295287534 28 318 3
4295287547 32 383 2
4295287560 41 352 4
4295287573 32 357 0
4295287586 26 358 4
4295287599 17 322 1
4295287612 33 289 1
4295287625 24 353 3
4295287638 33 340 3
4295287651 43 343 4
4295287664 34 326 3
4295287677 35 357 2
4295287690 40 386 6
4295287703 20 238 5
4295287716 14 207 4
4295287729 28 239 4
4295287742 30 354 6
4295287755 29 246 3
4295287768 10 90 4
4295287781 10 122 4
4295287794 21 163 5
4295287807 15 166 3
4295287820 18 162 4
4295287833 13 162 7
4295287846 31 286 4
4295287859 19 149 4
4295287872 20 278 5
4295287885 28 353 0
4295287898 26 320 3
4295287911 24 262 5
4295287924 29 348 2
4295287937 26 395 4
4295287950 19 328 4
4295287963 27 310 2
4295287976 31 355 1
4295287989 26 331 3
4295288002 33 347 4
4295288015 26 226 1
4295288028 26 309 4
4295288041 20 287 5
4295288054 20 306 0
4295288067 22 287 2
4295288080 28 339 5
4295288093 35 350 5
4295288106 38 328 4
4295288119 36 338 3
4295288132 27 319 3
4295288145 42 499 9
4295288158 50 661 13
4295288171 32 402 7
4295288184 33 300 4
4295288197 33 380 3
4295288210 24 272 5
4295288223 32 363 1
4295288236 23 301 3
4295288249 27 344 4
4295288262 40 350 3
4295288275 21 357 4
4295288288 33 356 3
4295288301 21 304 6
4295288314 36 368 4
4295288327 33 380 7
4295288340 33 326 3
4295288353 19 348 4
4295288366 29 318 4
4295288379 26 336 6
4295288392 35 371 0
4295288405 28 340 4
4295288418 26 332 2
4295288431 11 350 4
4295288444 40 365 4
4295288457 23 304 4
4295288470 27 319 2
4295288483 25 258 3
4295288496 31 392 4
4295288509 25 305 3
4295288522 28 358 7
4295288535 28 358 3
4295288548 15 326 4
4295288561 22 318 1
4295288574 35 380 3
4295288587 28 314 1
4295288600 22 357 2
4295288613 28 295 5
4295288626 40 351 4
4295288639 35 315 2
4295288652 30 349 3
4295288665 31 297 4
4295288678 32 350 7
4295288691 27 335 2
4295288704 27 329 1
4295288717 37 375 2
4295288730 34 378 4
4295288743 31 348 1
4295288756 16 318 2
4295288769 31 410 1
4295288782 30 294 6
4295288795 26 361 4
4295288808 35 248 3
4295288821 21 280 5
4295288834 43 457 8
4295288847 46 735 13
4295288860 46 669 13
4295288873 52 706 13
4295288886 53 723 13
4295288899 44 647 13
4295288912 41 569 10
4295288925 25 273 3
4295288938 22 346 4
4295288951 35 375 3
4295288964 15 297 5
4295288977 8 163 4
4295288990 0 0 0
4295289003 0 0 0
4295289016 0 0 0
4295289029 0 0 0
4295289042 0 0 0
4295289055 0 0 0
4295289068 0 0 0
4295289081 0 0 0
4295289094 0 0 0
4295289107 0 0 0
4295289120 0 0 0
4295289133 0 0 0
4295289146 0 0 0
4295289159 0 0 0
4295289172 0 0 0
4295289185 0 0 0
4295289198 0 0 0
4295289211 0 0 0
4295289224 0 0 0
4295289237 0 0 0
4295289250 0 0 0
4295289263 0 0 0
4295289276 0 0 0
4295289289 0 0 0
4295289302 0 0 0
4295289315 0 0 0
4295289328 0 0 0
4295289341 0 0 0
4295289354 0 0 0
4295289367 0 0 0
4295289380 0 0 0
4295289393 0 0 0
4295289406 0 0 0
4295289419 0 0 0
4295289432 0 0 0
4295289445 0 0 0
4295289458 0 0 0
4295289471 0 0 0
4295289484 0 0 0
4295289497 0 0 0
4295289510 0 0 0
4295289523 0 0 0
4295289536 0 0 0
4295289549 0 0 0
4295289562 0 0 0
4295289575 0 0 0
4295289588 0 0 0
4295289601 0 0 0
4295289614 0 0 0
4295289627 0 0 0
4295289640 0 0 0
4295289653 0 0 0
4295289666 0 0 0
4295289679 0 0 0
4295289692 0 0 0
4295289705 0 0 0
4295289718 0 0 0
4295289731 0 0 0
4295289744 0 0 0
4295289757 0 0 0
4295289770 0 0 0
4295289783 0 0 0
4295289796 0 0 0
4295289809 0 0 0
4295289822 0 0 0
4295289835 0 0 0
4295289848 0 0 0
4295289861 0 0 0
4295289874 0 0 0
4295289887 0 0 0
4295289900 0 0 0
4295289913 0 0 0
4295289926 0 0 0
4295289939 0 0 0
4295289952 0 0 0
4295289965 0 0 0
4295289978 0 0 0
4295289991 0 0 0
4295290004 0 0 0
4295290017 0 0 0
4295290030 0 0 0
4295290043 0 0 0
4295290056 0 0 0
4295290069 0 0 0
4295290082 0 0 0
4295290095 0 0 0
4295290108 0 0 0
4295290121 0 0 0
4295290134 0 0 0
4295290147 0 0 0
4295290160 0 0 0
4295290173 0 0 0
4295290186 0 0 0
4295290199 0 0 0
4295290212 0 0 0
4295290225 0 0 0
4295290238 0 0 0
4295290251 0 0 0
4295290264 0 0 0
4295290277 0 0 0
4295290290 0 0 0
4295290303 0 0 0
4295290316 0 0 0
4295290329 0 0 0
4295290342 0 0 0
4295290355 0 0 0
4295290368 0 0 0
4295290381 0 0 0
4295290394 0 0 0
4295290407 0 0 0
4295290420 0 0 0
4295290433 0 0 0
4295290446 0 0 0
4295290459 0 0 0
4295290472 0 0 0
4295290485 0 0 0
4295290498 0 0 0
4295290511 0 0 0
4295290524 0 0 0
4295290537 0 0 0
4295290550 0 0 0
4295290563 0 0 0
4295290576 0 0 0
4295290589 0 0 0
4295290602 0 0 0
4295290615 0 0 0
4295290628 0 0 0
4295290641 0 0 0
4295290654 0 0 0
4295290667 0 0 0
4295290680 0 0 0
4295290693 0 0 0
4295290706 0 0 0
4295290719 0 0 0
4295290732 0 0 0
4295290745 0 0 0
4295290758 0 0 0
4295290771 0 0 0
4295290784 0 0 0
4295290797 0 0 0
4295290810 0 0 0
4295290823 0 0 0
4295290836 3 69 4
4295290849 8 185 2
4295290862 13 114 4
4295290875 12 175 2
4295290888 24 265 3
4295290901 25 320 2
4295290914 29 338 2
4295290927 22 322 4
4295290940 21 239 4
4295290953 22 258 4
4295290966 19 146 4
4295290979 17 217 4
4295290992 19 275 1
4295291005 30 338 2
4295291018 31 334 3
4295291031 20 290 5
4295291044 19 204 4
4295291057 22 335 4
4295291070 19 176 8
4295291083 11 185 5
4295291096 30 310 4
4295291109 11 168 7
4295291122 12 147 5
4295291135 17 234 5
4295291148 28 334 3
4295291161 27 361 3
4295291174 28 281 2
4295291187 23 236 3
4295291200 22 336 2
4295291213 20 326 7
4295291226 27 367 0
4295291239 34 407 5
4295291252 30 346 3
4295291265 23 341 5
4295291278 40 385 3
4295291291 38 348 2
4295291304 28 344 4
4295291317 29 341 2
4295291330 27 270 3
4295291343 19 332 2
4295291356 18 324 2
4295291369 30 317 5
4295291382 30 359 5
4295291395 32 347 4
4295291408 24 361 2
4295291421 29 354 4
4295291434 32 365 5
4295291447 34 381 5
4295291460 36 349 4
4295291473 25 322 4
4295291486 20 236 6
4295291499 29 289 4
4295291512 32 380 2
4295291525 32 190 1
4295291538 23 261 6
4295291551 33 348 2
4295291564 36 317 2
4295291577 43 365 5
4295291590 29 352 1
4295291603 28 346 6
4295291616 35 335 4
4295291629 38 306 6
4295291642 39 352 2
4295291655 18 281 3
4295291668 22 326 6
4295291681 17 338 3
4295291694 45 364 3
4295291707 20 319 3
4295291720 24 353 3
4295291733 25 358 4
4295291746 24 370 5
4295291759 38 463 10
4295291772 48 642 13
4295291785 38 429 7
4295291798 31 366 3
4295291811 30 356 0
4295291824 16 325 4
4295291837 29 372 2
4295291850 35 341 4
4295291863 28 329 4
4295291876 21 351 6
4295291889 31 351 5
4295291902 35 368 5
4295291915 42 354 2
4295291928 27 261 6
4295291941 24 324 4
4295291954 28 333 1
4295291967 31 341 6
4295291980 28 317 2
4295291993 32 349 7
4295292006 19 327 3
4295292019 24 314 4
4295292032 20 264 2
4295292045 36 365 4
4295292058 31 318 3
4295292071 21 347 6
4295292084 28 316 2
4295292097 25 344 3
4295292110 29 356 1
4295292123 35 326 4
4295292136 25 303 4
4295292149 29 356 5
4295292162 34 360 4
4295292175 36 365 4
4295292188 20 345 2
4295292201 31 546 9
4295292214 52 748 13
4295292227 32 394 5
4295292240 27 353 1
4295292253 22 351 6
4295292266 33 374 3
4295292279 26 351 6
4295292292 26 398 1
4295292305 24 286 3
4295292318 24 380 5
4295292331 24 374 2
4295292344 33 335 1
4295292357 28 323 3
4295292370 38 413 3
4295292383 22 252 2
4295292396 29 390 3
4295292409 21 375 2
4295292422 23 333 2
4295292435 31 360 5
4295292448 23 349 2
4295292461 20 308 3
4295292474 16 344 5
4295292488 16 215 3
4295292501 2 87 2
4295292514 31 355 3
4295292527 17 263 6
4295292540 32 396 4
4295292553 27 399 5
4295292566 32 406 2
4295292579 26 341 2
4295292592 36 394 2
4295292605 35 410 1
4295292618 32 376 1
4295292631 22 351 1
4295292644 27 350 1
4295292657 16 341 3
4295292670 21 265 0
4295292683 50 528 13
4295292696 61 734 13
4295292709 47 706 13
4295292722 56 669 13
4295292735 54 696 13
4295292749 53 683 12
4295292762 27 374 4
4295292775 28 361 2
4295292788 23 381 5
4295292801 21 361 0
4295292814 21 336 3
4295292827 25 348 6
4295292840 25 291 4
4295292853 20 378 4
4295292866 17 329 2
4295292879 39 349 3
4295292892 30 354 2
4295292905 17 314 3
4295292918 30 387 3
4295292931 21 329 4
4295292944 24 335 5
4295292957 25 361 2
4295292970 30 325 5
4295292983 31 269 2
4295292996 24 369 4
4295293009 33 348 4
4295293022 19 248 4
4295293035 9 133 1
4295293048 20 259 4
4295293061 12 298 4
4295293074 24 354 3
4295293087 28 373 5
4295293100 15 302 6
4295293113 31 372 5
4295293126 24 330 3
4295293139 22 299 0
4295293152 24 334 5
4295293165 19 341 3
4295293178 19 362 3
4295293191 19 324 2
4295293204 25 367 3
4295293217 10 327 6
4295293230 21 323 4
4295293243 24 350 5
4295293256 19 309 4
4295293269 24 358 4
4295293282 25 302 0
4295293295 28 306 3
4295293308 17 298 2
4295293321 24 320 1
4295293334 22 280 2
4295293347 25 335 0
4295293360 22 337 2
4295293373 30 348 2
4295293386 29 339 5
4295293399 34 291 7
4295293412 29 330 0
4295293425 26 344 3
4295293438 22 349 3
4295293451 35 386 3
4295293464 31 367 2
4295293477 21 348 4
4295293490 22 325 3
4295293503 28 347 3
4295293516 31 395 0
4295293529 11 208 3
4295293542 14 205 4
4295293555 23 363 4
4295293568 31 335 5
4295293581 0 10 6
4295293594 6 93 5
4295293607 27 314 1
4295293620 18 296 2
4295293633 28 289 3
4295293646 27 361 1
4295293659 30 348 2
4295293672 41 301 5
4295293685 26 370 4
4295293698 31 314 3
4295293711 28 231 5
4295293724 25 299 2
4295293737 34 352 2
4295293750 26 286 1
4295293763 33 322 4
4295293776 28 278 5
4295293789 17 314 3
4295293802 27 332 1
4295293815 34 341 2
4295293828 31 375 7
4295293841 29 346 5
4295293854 27 330 2
4295293867 27 351 4
4295293880 27 350 2
4295293893 34 375 2
4295293906 32 366 3
4295293919 28 337 3
4295293932 35 354 4
4295293945 21 332 1
4295293958 28 337 3
4295293971 21 312 1
4295293984 68 677 13
4295293997 53 586 12
4295294010 66 750 13
4295294023 49 646 13
4295294036 60 529 13
4295294049 61 695 13
4295294062 58 735 13
4295294075 61 692 13
4295294088 66 702 12
4295294101 72 703 13
4295294114 61 740 13
4295294127 56 701 13
4295294140 55 694 13
4295294153 55 695 13
4295294166 57 721 13
4295294179 73 720 13
4295294192 53 696 13
4295294205 70 720 12
4295294218 57 695 13
4295294231 64 765 13
4295294244 52 714 13
4295294257 85 734 13
4295294270 58 647 13
4295294283 52 628 13
4295294296 50 507 12
4295294309 52 583 12
4295294322 54 675 13
4295294335 77 729 13
4295294348 61 673 13
4295294361 54 572 12
4295294374 58 674 13
4295294387 80 770 12
4295294400 56 736 13
4295294413 60 676 13
4295294426 55 611 13
4295294439 46 569 8
4295294452 50 636 11
4295294465 42 517 9
4295294478 0 0 0
4295294491 0 0 0
4295294504 0 0 0
4295294517 0 0 0
4295294530 0 0 0
4295294543 0 0 0
4295294556 9 86 4
4295294569 0 0 0
4295294582 0 0 0
4295294595 0 0 0
4295294608 0 0 0
4295294621 0 0 0
4295294634 0 0 0
4295294647 11 81 2
4295294660 0 0 0
4295294673 0 0 0
4295294686 8 37 1
4295294699 0 0 0
4295294712 9 39 2
4295294725 12 115 4
read 4023 profiled data
