4295107300 26419 0 10
4295107313 30874 0 10
4295107326 0 0 0
4295107339 0 0 0
4295107352 0 0 0
4295107365 0 0 0
4295107378 0 0 0
4295107391 0 0 0
4295107404 0 0 0
4295107417 0 0 0
4295107430 0 0 0
4295107443 0 0 0
4295107456 0 0 0
4295107469 0 0 0
4295107482 0 0 0
4295107495 0 0 0
4295107508 0 0 0
4295107521 0 0 0
4295107534 0 0 0
4295107547 0 0 0
4295107560 9417 0 3
4295107573 28516 0 11
4295107586 9015 0 3
4295107599 0 0 0
4295107612 0 0 0
4295107625 0 0 0
4295107638 0 0 0
4295107651 0 0 0
4295107664 0 0 0
4295107677 0 0 0
4295107690 0 0 0
4295107703 0 0 0
4295107716 0 0 0
4295107729 0 0 0
4295107742 0 0 0
4295107755 0 0 0
4295107768 0 0 0
4295107781 0 0 0
4295107794 0 0 0
4295107807 9073 0 3
4295107820 0 0 0
4295107833 14771 0 6
4295107846 16108 0 6
4295107859 0 0 0
4295107872 0 0 0
4295107885 0 0 0
4295107898 0 0 0
4295107911 0 0 0
4295107924 0 0 0
4295107937 0 0 0
4295107950 0 0 0
4295107963 0 0 0
4295107976 0 0 0
4295107989 0 0 0
4295108002 0 0 0
4295108015 0 0 0
4295108028 0 0 0
4295108041 0 0 0
4295108054 0 0 0
4295108067 5328 0 3
4295108080 3408 0 3
4295108093 257 1 1
4295108106 9937 2 8
4295108119 6494 62 3
4295108132 5680 186 5
4295108145 3185 177 3
4295108158 0 0 0
4295108171 0 0 0
4295108184 0 0 0
4295108197 0 0 0
4295108210 0 0 0
4295108223 0 0 0
4295108236 0 0 0
4295108249 0 0 0
4295108262 0 0 0
4295108275 0 0 0
4295108288 0 0 0
4295108301 0 0 0
4295108314 0 0 0
4295108327 765 42 2
4295108340 3813 179 4
4295108353 3879 155 5
4295108366 0 0 0
4295108379 0 0 0
4295108392 0 0 0
4295108405 1448 184 3
4295108418 1772 226 6
4295108431 1707 282 6
4295108444 1944 357 6
4295108457 1701 298 5
4295108470 1346 260 5
4295108483 2470 539 6
4295108496 435 132 3
4295108509 1803 472 10
4295108522 1414 356 10
4295108535 1368 400 4
4295108548 2301 759 9
4295108561 1685 551 8
4295108574 95 35 0
4295108587 0 0 0
4295108600 0 0 0
4295108613 2720 165 5
4295108626 2621 190 3
4295108639 2773 250 4
4295108652 0 0 0
4295108665 0 0 0
4295108678 0 0 0
4295108691 0 0 0
4295108704 0 0 0
4295108717 0 0 0
4295108730 0 0 0
4295108743 0 0 0
4295108756 0 0 0
4295108769 0 0 0
4295108782 0 0 0
4295108795 0 0 0
4295108808 0 0 0
4295108821 575 202 4
4295108834 936 341 7
4295108847 1043 364 4
4295108860 727 284 6
4295108873 1181 477 4
4295108886 1564 578 8
4295108899 1269 194 0
4295108912 3253 505 9
4295108925 2495 419 7
4295108938 1446 232 4
4295108951 1353 357 7
4295108964 658 331 8
4295108977 277 142 5
4295108990 418 234 4
4295109003 77 49 0
4295109016 0 0 0
4295109029 0 0 0
4295109042 0 0 0
4295109055 0 0 0
4295109068 0 0 0
4295109081 0 0 0
4295109094 0 0 0
4295109107 0 0 0
4295109120 0 0 0
4295109133 0 0 0
4295109146 0 0 0
4295109159 0 0 0
4295109172 0 0 0
4295109185 0 0 0
4295109198 1 0 0
4295109211 0 0 0
4295109224 0 0 0
4295109237 0 0 0
4295109250 0 0 0
4295109263 0 0 0
4295109276 0 0 0
4295109289 0 0 0
4295109302 0 0 0
4295109315 0 0 0
4295109328 0 0 0
4295109341 0 0 0
4295109354 0 0 0
4295109368 109 22 0
4295109381 1926 360 8
4295109394 1909 377 8
4295109407 3163 613 12
4295109420 2545 593 8
4295109433 691 449 8
4295109446 786 483 4
4295109459 863 551 9
4295109472 866 550 9
4295109485 764 482 5
4295109498 842 576 7
4295109511 660 487 3
4295109524 626 444 8
4295109537 467 325 4
4295109550 84 66 1
4295109563 0 0 0
4295109576 0 0 0
4295109589 0 0 0
4295109602 0 0 0
4295109615 0 0 0
4295109628 0 0 0
4295109641 0 0 0
4295109654 0 0 0
4295109667 10 0 0
4295109680 1256 190 4
4295109693 1816 247 4
4295109706 1964 234 4
4295109719 2125 292 5
4295109732 0 0 0
4295109745 0 0 0
4295109758 0 0 0
4295109771 0 0 0
4295109784 0 0 0
4295109797 94 82 0
4295109810 385 313 7
4295109823 425 398 5
4295109836 476 450 11
4295109849 406 331 4
4295109862 458 371 5
4295109875 583 456 4
4295109888 467 414 6
4295109901 491 425 7
4295109914 459 419 6
4295109927 446 421 7
4295109940 529 476 5
4295109953 453 420 5
4295109966 388 375 6
4295109979 982 288 4
4295109992 1397 408 9
4295110005 1966 550 9
4295110018 1321 350 6
4295110031 1811 552 10
4295110044 1194 478 8
4295110057 260 273 7
4295110070 331 376 6
4295110083 347 324 3
4295110096 343 376 3
4295110109 306 322 6
4295110122 393 371 4
4295110135 354 369 3
4295110148 322 343 6
4295110161 279 305 5
4295110174 312 337 5
4295110187 204 206 2
4295110200 246 258 8
4295110213 317 319 6
4295110226 284 338 7
4295110239 304 299 6
4295110252 352 402 3
4295110265 280 303 4
4295110278 390 393 4
4295110291 620 340 5
4295110304 1177 391 9
4295110317 1363 492 8
4295110330 712 263 4
4295110343 1473 436 6
4295110356 933 260 5
4295110369 953 192 4
4295110382 597 111 1
4295110395 0 0 0
4295110408 0 0 0
4295110421 0 0 0
4295110434 0 0 0
4295110447 0 0 0
4295110460 0 0 0
4295110473 0 0 0
4295110486 0 0 0
4295110499 0 0 0
4295110512 0 0 0
4295110525 0 0 0
4295110538 0 0 0
4295110551 0 0 0
4295110564 0 0 0
4295110577 0 0 0
4295110590 0 0 0
4295110603 38 30 2
4295110616 169 199 6
4295110629 417 283 7
4295110642 1280 418 8
4295110655 895 317 6
4295110668 667 230 3
4295110681 1188 451 9
4295110694 1320 518 11
4295110707 1391 517 10
4295110720 706 381 5
4295110733 158 188 1
4295110746 197 233 3
4295110759 189 224 3
4295110772 169 193 5
4295110785 174 257 0
4295110798 200 249 5
4295110811 169 249 4
4295110824 193 264 5
4295110837 115 164 0
4295110850 105 145 2
4295110863 140 206 4
4295110876 158 189 3
4295110889 163 207 6
4295110902 173 208 4
4295110915 102 146 1
4295110928 163 231 3
4295110941 133 176 4
4295110954 154 227 6
4295110967 379 199 2
4295110980 757 292 4
4295110993 1428 543 10
4295111006 450 152 2
4295111019 956 370 8
4295111032 844 324 6
4295111045 917 364 6
4295111058 965 349 9
4295111071 572 260 7
4295111084 63 122 2
4295111097 191 237 5
4295111110 72 109 2
4295111123 140 221 4
4295111136 180 248 3
4295111149 103 181 5
4295111162 82 125 3
4295111175 115 173 3
4295111188 182 237 3
4295111201 136 225 4
4295111214 136 230 4
4295111227 150 245 7
4295111240 175 267 5
4295111253 197 307 3
4295111266 95 174 2
4295111279 118 168 2
4295111292 130 178 3
4295111305 170 242 4
4295111318 209 231 3
4295111331 431 193 4
4295111344 829 360 5
4295111357 695 348 7
4295111370 873 370 3
4295111383 919 408 5
4295111396 479 183 7
4295111409 575 252 7
4295111422 986 494 5
4295111435 871 363 6
4295111448 301 322 5
4295111461 108 196 5
4295111474 115 168 2
4295111487 173 285 1
4295111500 106 168 3
4295111513 108 169 2
4295111526 107 227 3
4295111539 133 201 2
4295111552 109 178 6
4295111565 75 134 4
4295111578 134 213 5
4295111591 76 140 4
4295111604 130 213 3
4295111617 115 220 5
4295111630 121 207 5
4295111643 123 246 4
4295111656 101 164 3
4295111669 148 207 7
4295111682 121 231 4
4295111695 331 225 8
4295111708 836 451 9
4295111721 928 547 8
4295111734 660 334 2
4295111747 614 326 7
4295111760 879 442 10
4295111773 614 350 7
4295111786 819 314 5
4295111799 388 128 3
4295111812 414 113 2
4295111825 0 0 0
4295111838 0 0 0
4295111851 0 0 0
4295111864 0 0 0
4295111877 0 0 0
4295111890 0 0 0
4295111903 0 0 0
4295111916 0 0 0
4295111929 0 0 0
4295111942 0 0 0
4295111955 0 0 0
4295111968 0 0 0
4295111981 0 0 0
4295111994 0 0 0
4295112007 0 0 0
4295112020 0 0 0
4295112033 25 42 1
4295112046 129 222 4
4295112059 228 254 7
4295112072 769 358 7
4295112085 684 331 5
4295112098 116 51 1
4295112111 623 327 9
4295112124 978 560 10
4295112137 818 460 9
4295112150 646 343 4
4295112163 349 208 5
4295112176 762 444 8
4295112189 378 216 3
4295112203 14 14 1
4295112216 324 262 7
4295112229 171 272 5
4295112242 174 320 4
4295112255 103 207 1
4295112268 89 208 3
4295112281 139 237 2
4295112294 67 148 7
4295112307 153 244 4
4295112320 132 252 4
4295112333 90 186 5
4295112346 27 57 2
4295112359 86 179 3
4295112372 126 270 4
4295112385 114 213 5
4295112398 88 200 2
4295112411 96 199 6
4295112424 113 193 5
4295112437 143 264 6
4295112450 155 260 6
4295112463 340 251 5
4295112476 380 243 6
4295112489 219 156 2
4295112502 662 386 7
4295112515 746 458 8
4295112528 709 421 9
4295112541 525 346 7
4295112554 122 62 1
4295112567 442 265 4
4295112580 814 533 8
4295112593 707 452 10
4295112606 362 223 2
4295112619 295 253 5
4295112632 78 156 4
4295112645 84 199 2
4295112658 141 234 2
4295112671 113 188 2
4295112684 123 248 3
4295112697 85 201 6
4295112710 87 170 3
4295112723 68 163 2
4295112736 111 213 1
4295112749 111 256 4
4295112762 107 267 4
4295112775 67 132 1
4295112788 102 214 5
4295112801 116 218 3
4295112814 105 223 5
4295112827 82 176 3
4295112840 81 211 5
4295112853 110 221 6
4295112866 102 203 0
4295112879 350 244 6
4295112892 703 480 11
4295112905 296 195 3
4295112918 168 119 5
4295112931 810 525 11
4295112944 740 490 10
4295112957 825 505 10
4295112970 207 136 2
4295112983 97 60 2
4295112996 327 246 6
4295113009 687 472 11
4295113022 579 388 3
4295113035 346 396 6
4295113048 90 229 4
4295113061 81 194 2
4295113074 101 202 6
4295113087 98 208 4
4295113100 91 252 5
4295113113 84 202 5
4295113126 126 241 3
4295113139 115 264 2
4295113152 91 205 2
4295113165 137 313 6
4295113178 87 172 0
4295113191 112 237 3
4295113204 127 256 5
4295113217 109 293 7
4295113230 110 238 4
4295113243 52 116 2
4295113256 99 197 3
4295113269 95 234 3
4295113282 146 203 4
4295113295 390 340 7
4295113308 663 502 10
4295113321 558 431 7
4295113334 534 449 7
4295113347 292 211 1
4295113360 0 1 0
4295113373 86 73 2
4295113386 640 533 8
4295113399 592 439 4
4295113412 624 510 10
4295113425 544 486 7
4295113438 375 296 8
4295113451 557 499 8
4295113464 30 70 1
4295113477 0 0 0
4295113490 0 0 0
4295113503 0 0 0
4295113516 0 0 0
4295113529 0 0 0
4295113542 0 0 0
4295113555 0 0 0
4295113568 0 0 0
4295113581 0 0 0
4295113594 0 0 0
4295113607 0 0 0
4295113620 0 0 0
4295113633 0 0 0
4295113646 0 0 0
4295113659 0 0 0
4295113672 0 0 0
4295113685 0 0 0
4295113698 0 0 0
4295113711 351 235 7
4295113724 572 449 6
4295113737 550 460 7
4295113750 465 378 7
4295113763 302 239 4
4295113776 223 220 1
4295113789 71 60 2
4295113802 582 521 10
4295113815 472 455 8
4295113828 673 583 8
4295113841 662 540 8
4295113854 643 552 12
4295113867 112 256 5
4295113880 34 102 0
4295113893 25 50 1
4295113906 105 254 3
4295113919 66 242 2
4295113932 97 258 1
4295113945 85 224 2
4295113958 107 272 2
4295113971 103 281 3
4295113984 61 234 2
4295113997 85 247 3
4295114010 100 264 3
4295114023 106 261 5
4295114036 82 231 1
4295114049 70 211 5
4295114062 123 298 5
4295114075 91 231 4
4295114088 90 247 5
4295114101 95 247 1
4295114114 103 384 6
4295114127 107 389 7
4295114140 94 359 6
4295114153 95 429 8
4295114166 75 220 5
4295114179 66 251 5
4295114192 95 222 4
4295114205 97 277 6
4295114218 123 320 6
4295114231 121 310 8
4295114244 120 321 3
4295114257 103 298 7
4295114270 109 265 7
4295114283 102 215 5
4295114296 78 203 5
4295114309 83 236 3
4295114322 82 247 6
4295114335 99 244 2
4295114348 94 236 5
4295114361 76 228 4
4295114374 70 218 3
4295114387 113 270 3
4295114400 92 246 6
4295114413 76 225 5
4295114426 112 277 3
4295114439 94 276 8
4295114452 114 297 6
4295114465 104 252 7
4295114478 89 260 6
4295114491 81 214 5
4295114504 97 291 3
4295114517 103 304 3
4295114530 109 266 4
4295114543 121 299 2
4295114556 78 271 5
4295114569 119 242 3
4295114582 72 231 3
4295114595 85 230 5
4295114608 109 248 3
4295114621 95 244 3
4295114634 100 241 4
4295114647 65 237 5
4295114660 101 267 1
4295114673 97 236 5
4295114686 86 276 5
4295114699 82 203 5
4295114712 110 247 7
4295114725 79 217 1
4295114738 106 251 5
4295114751 114 268 7
4295114764 82 227 1
4295114777 79 234 4
4295114790 67 167 4
4295114803 90 213 7
4295114816 104 272 4
4295114829 92 231 3
4295114842 115 284 6
4295114855 118 269 5
4295114868 92 271 4
4295114881 81 223 5
4295114894 0 0 0
4295114907 0 0 0
4295114920 0 0 0
4295114933 0 0 0
4295114946 0 0 0
4295114959 0 0 0
4295114972 0 0 0
4295114985 0 0 0
4295114998 0 0 0
4295115011 0 0 0
4295115024 0 0 0
4295115037 0 0 0
4295115050 0 0 0
4295115063 0 0 0
4295115076 0 0 0
4295115089 0 0 0
4295115102 0 0 0
4295115115 0 0 0
4295115128 0 0 0
4295115141 40 93 1
4295115154 78 235 2
4295115167 91 239 3
4295115180 72 236 4
4295115193 71 243 6
4295115206 94 276 3
4295115219 97 242 1
4295115232 87 241 7
4295115245 50 169 3
4295115258 100 253 2
4295115271 77 207 4
4295115284 98 259 3
4295115297 103 298 6
4295115310 88 249 7
4295115323 95 262 4
4295115336 81 200 5
4295115349 94 202 5
4295115362 96 262 5
4295115375 74 224 5
4295115388 109 268 1
4295115401 77 215 1
4295115414 108 287 2
4295115427 88 247 3
4295115440 105 265 8
4295115453 118 303 5
4295115466 100 280 3
4295115479 118 311 4
4295115492 91 254 3
4295115505 99 241 2
4295115518 105 248 4
4295115531 88 248 7
4295115544 80 226 4
4295115557 68 235 2
4295115570 96 281 6
4295115583 86 254 2
4295115596 102 301 5
4295115609 101 300 4
4295115622 82 247 1
4295115635 112 262 2
4295115648 48 132 2
4295115661 145 274 3
4295115674 106 286 5
4295115687 85 219 2
4295115700 88 246 2
4295115713 124 285 5
4295115726 94 296 5
4295115739 102 306 5
4295115752 107 306 5
4295115765 116 268 8
4295115778 82 264 2
4295115791 105 222 4
4295115804 111 292 4
4295115817 93 246 3
4295115830 114 274 4
4295115843 83 247 3
4295115856 119 297 5
4295115869 97 288 3
4295115882 86 281 1
4295115895 73 205 4
4295115908 106 244 2
4295115921 62 213 2
4295115934 107 300 3
4295115947 95 297 5
4295115960 117 305 2
4295115973 115 293 5
4295115986 91 260 3
4295115999 89 228 5
4295116012 81 278 5
4295116025 109 305 7
4295116038 118 296 5
4295116051 111 317 4
4295116064 28 80 2
4295116077 0 0 0
4295116090 0 0 0
4295116103 0 0 0
4295116116 0 0 0
4295116129 0 0 0
4295116142 0 0 0
4295116155 0 0 0
4295116168 0 0 0
4295116181 0 0 0
4295116194 0 0 0
4295116207 0 0 0
4295116220 0 0 0
4295116233 0 0 0
4295116246 0 0 0
4295116259 0 0 0
4295116272 0 0 0
4295116285 0 0 0
4295116298 0 0 0
4295116311 22 55 0
4295116324 74 198 3
4295116337 91 234 7
4295116350 84 223 2
4295116363 92 214 5
4295116376 78 230 2
4295116389 95 232 7
4295116402 69 223 3
4295116415 88 220 2
4295116428 96 238 7
4295116441 82 197 5
4295116454 103 272 4
4295116467 72 196 5
4295116480 105 208 2
4295116493 44 128 2
4295116506 25 78 3
4295116519 15 40 1
4295116532 9 40 3
4295116545 7 34 1
4295116558 19 50 2
4295116571 19 34 3
4295116584 12 41 2
4295116597 10 26 1
4295116610 3 27 1
4295116623 21 41 1
4295116636 9 18 1
4295116649 7 25 0
4295116662 15 38 0
4295116675 6 22 0
4295116688 0 20 2
4295116701 4 19 1
4295116714 1 6 0
4295116727 7 27 1
4295116740 12 32 1
4295116753 12 19 0
4295116766 10 32 0
4295116779 18 46 3
4295116792 6 21 1
4295116805 9 25 1
4295116818 8 29 1
4295116831 5 19 1
4295116844 20 23 2
4295116857 3 15 0
4295116870 10 25 0
4295116883 8 14 0
4295116896 19 46 0
4295116909 11 26 1
4295116922 10 21 1
4295116935 8 19 1
4295116948 18 44 1
4295116961 7 24 0
4295116974 17 32 0
4295116987 14 33 1
4295117000 16 33 0
4295117013 7 26 0
4295117026 5 18 0
4295117039 10 17 0
4295117052 6 23 2
4295117065 6 31 1
4295117078 12 37 0
4295117091 16 35 0
4295117104 18 54 0
4295117117 14 32 1
4295117130 3 29 0
4295117143 10 30 1
4295117156 9 31 1
4295117169 13 39 2
4295117182 9 49 2
4295117195 12 38 1
4295117208 16 30 1
4295117221 22 50 2
4295117234 11 26 0
4295117247 20 44 3
4295117260 17 43 0
4295117273 9 32 0
4295117286 11 24 2
4295117299 13 22 3
4295117312 17 37 2
4295117325 2 20 0
4295117338 14 46 0
4295117351 14 38 0
4295117364 4 13 0
4295117377 6 22 1
4295117390 6 19 1
4295117403 12 28 1
4295117416 6 28 2
4295117429 2 9 0
4295117442 12 29 2
4295117455 88 260 5
4295117468 49 120 5
4295117481 94 256 3
4295117494 96 280 7
4295117507 124 301 6
4295117520 101 243 4
4295117533 92 282 6
4295117546 112 247 4
4295117559 102 267 3
4295117572 114 324 4
4295117585 105 306 3
4295117598 105 289 9
4295117611 111 308 5
4295117624 123 293 6
4295117637 120 300 7
4295117650 101 316 5
4295117663 75 214 6
4295117676 114 269 1
4295117689 122 294 5
4295117702 118 313 5
4295117715 98 279 4
4295117728 49 150 5
4295117741 103 299 6
4295117754 123 250 4
4295117767 132 287 6
4295117780 88 255 3
4295117793 85 256 2
4295117806 106 290 3
4295117819 89 213 3
4295117832 85 251 3
4295117845 84 244 6
4295117858 115 274 7
4295117871 101 315 3
4295117884 89 272 4
4295117897 106 307 4
4295117910 62 181 4
4295117923 0 0 0
4295117936 0 0 0
4295117949 0 0 0
4295117962 0 0 0
4295117975 0 0 0
4295117988 0 0 0
4295118001 0 0 0
4295118014 0 0 0
4295118027 0 0 0
4295118040 0 0 0
4295118053 0 0 0
4295118066 0 0 0
4295118079 0 0 0
4295118092 0 0 0
4295118105 0 0 0
4295118118 0 0 0
4295118131 0 0 0
4295118144 0 0 0
4295118157 12 21 0
4295118170 64 160 2
4295118183 136 295 1
4295118196 70 187 5
4295118209 99 256 3
4295118222 64 224 5
4295118235 82 240 5
4295118248 112 245 5
4295118261 89 256 4
4295118274 88 224 6
4295118287 124 285 4
4295118300 77 228 6
4295118313 72 228 3
4295118326 101 257 5
4295118339 112 271 4
4295118352 91 258 2
4295118365 80 230 6
4295118378 78 255 4
4295118391 56 214 3
4295118404 93 291 3
4295118417 101 247 4
4295118430 92 259 5
4295118443 90 236 5
4295118456 79 232 1
4295118469 102 290 3
4295118482 109 307 0
4295118495 108 236 4
4295118508 109 298 2
4295118521 115 225 4
4295118534 129 286 4
4295118547 88 253 6
4295118560 106 266 5
4295118573 88 214 2
4295118586 94 272 2
4295118599 75 229 2
4295118612 69 230 5
4295118625 58 175 4
4295118638 46 134 4
4295118651 58 200 3
4295118664 88 252 4
4295118677 81 249 7
4295118690 78 247 3
4295118703 89 248 2
4295118716 66 207 1
4295118729 69 201 2
4295118742 77 231 4
4295118755 99 281 5
4295118768 100 296 3
4295118781 66 250 3
4295118794 78 247 1
4295118807 60 233 4
4295118820 71 261 4
4295118833 78 205 5
4295118846 82 290 6
4295118859 93 307 5
4295118872 67 182 3
4295118885 0 0 0
4295118898 0 0 0
4295118911 0 0 0
4295118924 0 0 0
4295118937 0 0 0
4295118950 0 0 0
4295118963 0 0 0
4295118976 0 0 0
4295118989 0 0 0
4295119002 0 0 0
4295119015 0 0 0
4295119028 0 0 0
4295119041 0 0 0
4295119054 0 0 0
4295119067 0 0 0
4295119080 0 0 0
4295119093 0 0 0
4295119106 0 0 0
4295119119 0 0 0
4295119132 39 115 1
4295119145 67 199 7
4295119158 70 246 4
4295119171 70 233 5
4295119184 67 239 3
4295119197 69 219 3
4295119210 111 312 5
4295119223 71 257 3
4295119236 85 268 2
4295119249 77 220 0
4295119262 114 353 7
4295119275 69 238 1
4295119288 45 174 6
4295119301 44 119 3
4295119314 79 258 6
4295119327 69 232 2
4295119340 86 285 4
4295119353 73 241 4
4295119366 82 270 6
4295119379 68 255 5
4295119392 56 250 5
4295119405 56 184 4
4295119418 64 228 5
4295119431 54 213 5
4295119444 50 180 6
4295119457 41 116 3
4295119470 63 247 4
4295119483 51 222 7
4295119496 73 226 4
4295119509 61 238 7
4295119522 77 270 3
4295119535 78 267 6
4295119548 61 272 4
4295119561 68 283 6
4295119574 81 301 4
4295119587 71 223 3
4295119600 85 314 5
4295119613 55 267 6
4295119626 65 282 3
4295119639 69 281 6
4295119652 93 301 5
4295119665 84 323 5
4295119678 72 308 5
4295119691 59 310 5
4295119704 73 286 5
4295119717 71 284 6
4295119730 71 226 5
4295119743 62 238 4
4295119756 80 261 3
4295119769 69 274 5
4295119782 57 265 7
4295119795 79 272 7
4295119808 61 189 5
4295119821 49 227 4
4295119834 56 246 3
4295119847 66 280 4
4295119860 74 284 5
4295119873 14 89 1
4295119886 0 0 0
4295119899 0 0 0
4295119912 0 0 0
4295119925 0 0 0
4295119938 0 0 0
4295119951 0 0 0
4295119964 0 0 0
4295119977 0 0 0
4295119990 0 0 0
4295120003 0 0 0
4295120016 0 0 0
4295120029 0 0 0
4295120042 0 0 0
4295120055 0 0 0
4295120068 0 0 0
4295120081 0 0 0
4295120094 0 0 0
4295120107 0 0 0
4295120120 10 29 1
4295120133 52 229 6
4295120146 55 247 7
4295120159 66 264 4
4295120172 66 262 1
4295120185 40 238 3
4295120198 72 257 5
4295120211 69 275 4
4295120224 55 317 9
4295120237 75 287 4
4295120250 81 292 5
4295120263 76 268 4
4295120276 78 278 4
4295120289 69 305 6
4295120302 90 322 3
4295120315 50 298 6
4295120328 56 277 2
4295120341 69 255 4
4295120354 67 322 8
4295120367 68 300 5
4295120380 67 294 4
4295120393 60 313 5
4295120406 63 311 6
4295120419 72 315 3
4295120432 67 306 4
4295120445 61 285 4
4295120458 65 294 6
4295120471 50 262 7
4295120484 45 239 5
4295120497 29 204 2
4295120510 62 306 7
4295120523 27 234 4
4295120536 62 276 6
4295120549 45 275 4
4295120562 51 261 6
4295120575 57 280 7
4295120588 57 278 2
4295120601 67 303 5
4295120614 53 258 5
4295120627 63 264 4
4295120640 38 218 1
4295120653 49 251 4
4295120666 62 274 3
4295120679 50 253 4
4295120692 60 308 6
4295120705 65 293 6
4295120718 54 285 4
4295120731 57 283 4
4295120744 49 278 3
4295120757 38 245 2
4295120770 67 252 4
4295120783 61 232 2
4295120796 43 240 2
4295120809 50 273 4
4295120822 56 318 2
4295120835 17 111 2
4295120848 0 0 0
4295120861 0 0 0
4295120874 0 0 0
4295120887 0 0 0
4295120900 0 0 0
4295120913 0 0 0
4295120926 0 0 0
4295120939 0 0 0
4295120952 0 0 0
4295120965 0 0 0
4295120978 0 0 0
4295120991 0 0 0
4295121004 0 0 0
4295121017 0 0 0
4295121030 0 0 0
4295121043 0 0 0
4295121056 0 0 0
4295121069 0 0 0
4295121082 11 61 3
4295121095 48 209 2
4295121108 46 236 5
4295121121 76 242 6
4295121134 53 294 2
4295121147 63 294 4
4295121160 50 251 5
4295121173 43 236 2
4295121186 68 318 7
4295121199 57 261 5
4295121212 53 264 1
4295121225 42 238 4
4295121238 44 222 2
4295121251 73 300 3
4295121264 42 277 4
4295121277 69 267 2
4295121290 37 247 4
4295121303 41 250 2
4295121316 54 250 5
4295121329 44 286 5
4295121342 34 252 3
4295121355 59 305 6
4295121368 42 236 4
4295121381 50 244 4
4295121394 48 261 5
4295121407 37 254 4
4295121420 47 250 3
4295121433 41 251 4
4295121446 43 235 5
4295121459 65 290 6
4295121472 32 239 7
4295121485 46 245 3
4295121498 27 254 4
4295121511 46 274 4
4295121524 35 242 5
4295121537 42 237 4
4295121550 47 221 4
4295121563 43 280 11
4295121576 35 230 2
4295121589 44 276 5
4295121602 58 274 3
4295121615 34 252 5
4295121628 42 261 7
4295121641 46 263 6
4295121654 46 257 6
4295121667 55 259 6
4295121680 29 231 5
4295121693 32 225 2
4295121706 50 276 4
4295121719 41 250 7
4295121732 39 278 3
4295121745 56 287 6
4295121758 53 311 4
4295121771 35 212 2
4295121784 48 268 3
4295121797 30 256 5
4295121810 32 268 5
4295121823 34 225 4
4295121836 22 234 3
4295121849 52 271 2
4295121862 16 100 0
4295121875 0 0 0
4295121888 0 0 0
4295121901 0 0 0
4295121914 0 0 0
4295121927 0 0 0
4295121940 0 0 0
4295121953 0 0 0
4295121966 0 0 0
4295121979 0 0 0
4295121992 0 0 0
4295122005 0 0 0
4295122018 0 0 0
4295122031 0 0 0
4295122044 0 0 0
4295122057 0 0 0
4295122070 0 0 0
4295122083 0 0 0
4295122096 0 0 0
4295122109 9 44 3
4295122122 41 179 4
4295122135 45 258 4
4295122148 46 245 3
4295122161 42 247 4
4295122174 35 263 4
4295122187 31 265 2
4295122200 37 301 8
4295122213 28 242 8
4295122226 45 276 2
4295122239 49 252 3
4295122252 44 316 2
4295122265 35 224 4
4295122278 18 203 3
4295122291 35 208 2
4295122304 42 260 2
4295122317 28 203 6
4295122330 36 247 4
4295122343 44 292 3
4295122356 39 319 5
4295122369 41 317 5
4295122382 38 254 3
4295122395 41 249 3
4295122408 41 278 5
4295122421 35 232 4
4295122434 50 285 2
4295122447 45 259 4
4295122460 32 279 4
4295122473 40 309 1
4295122486 39 229 3
4295122499 40 235 4
4295122512 49 313 5
4295122525 45 307 3
4295122538 37 292 4
4295122551 45 314 4
4295122564 31 178 3
4295122577 47 272 5
4295122590 41 312 5
4295122603 45 294 5
4295122616 34 258 4
4295122629 35 306 6
4295122642 45 279 3
4295122655 30 220 3
4295122668 29 235 2
4295122681 41 310 4
4295122694 34 274 7
4295122707 31 229 3
4295122720 18 180 3
4295122733 30 204 0
4295122746 50 275 3
4295122759 22 163 4
4295122772 30 258 6
4295122785 29 244 4
4295122798 31 213 5
4295122811 15 145 1
4295122824 12 65 1
4295122837 25 206 4
4295122850 22 261 4
4295122863 28 237 2
4295122876 41 355 5
4295122889 29 268 1
4295122902 30 349 6
4295122915 8 118 4
4295122928 0 0 0
4295122941 0 0 0
4295122954 0 0 0
4295122967 0 0 0
4295122980 0 0 0
4295122993 0 0 0
4295123006 0 0 0
4295123019 0 0 0
4295123032 0 0 0
4295123045 0 0 0
4295123058 0 0 0
4295123071 0 0 0
4295123084 0 0 0
4295123097 0 0 0
4295123110 0 0 0
4295123123 0 0 0
4295123136 0 0 0
4295123149 0 0 0
4295123162 11 87 2
4295123175 28 206 3
4295123188 29 264 7
4295123201 35 258 7
4295123214 32 249 6
4295123227 27 264 6
4295123240 21 236 6
4295123253 26 239 4
4295123266 44 241 6
4295123279 31 269 2
4295123292 30 261 5
4295123305 22 189 5
4295123318 33 199 5
4295123331 25 141 0
4295123344 38 252 4
4295123357 30 278 5
4295123370 37 267 6
4295123383 31 236 2
4295123396 34 240 7
4295123409 30 285 1
4295123422 30 294 5
4295123435 37 262 4
4295123448 37 254 4
4295123461 24 280 5
4295123474 20 267 5
4295123487 30 258 6
4295123500 37 259 5
4295123513 23 257 5
4295123526 29 251 2
4295123539 21 261 2
4295123552 28 278 3
4295123565 49 267 2
4295123578 32 263 6
4295123591 35 293 7
4295123604 41 312 5
4295123617 33 243 4
4295123630 18 167 2
4295123643 24 203 6
4295123656 25 241 3
4295123669 33 304 3
4295123682 18 246 2
4295123695 24 309 7
4295123708 34 260 3
4295123721 38 260 3
4295123734 28 265 4
4295123747 24 272 5
4295123760 34 294 8
4295123773 21 241 2
4295123786 42 294 4
4295123799 31 262 5
4295123812 29 295 3
4295123825 24 209 5
4295123838 24 251 6
4295123851 38 248 7
4295123864 21 243 4
4295123877 33 285 4
4295123890 44 388 6
4295123903 31 279 4
4295123916 42 252 7
4295123929 37 274 4
4295123942 17 227 2
4295123955 22 274 6
4295123968 19 234 4
4295123981 6 109 3
4295123994 2 45 1
4295124007 3 35 1
4295124020 1 33 1
4295124033 4 52 2
4295124046 4 39 1
4295124059 7 58 1
4295124072 4 52 1
4295124085 0 9 0
4295124098 0 0 0
4295124111 0 0 0
4295124124 0 0 0
4295124137 0 0 0
4295124150 0 0 0
4295124163 0 0 0
4295124176 0 0 0
4295124189 0 0 0
4295124202 0 0 0
4295124215 0 0 0
4295124228 0 0 0
4295124241 0 0 0
4295124254 0 0 0
4295124267 0 0 0
4295124280 0 0 0
4295124293 0 0 0
4295124306 0 0 0
4295124319 0 0 0
4295124332 0 19 0
4295124345 5 45 1
4295124358 2 44 2
4295124371 4 32 1
4295124384 3 47 1
4295124397 8 56 1
4295124410 2 32 1
4295124423 6 30 1
4295124436 7 60 2
4295124449 2 43 1
4295124462 6 43 3
4295124475 6 36 2
4295124488 1 31 0
4295124501 1 23 0
4295124514 10 143 3
4295124527 23 221 4
4295124540 14 159 3
4295124553 28 317 1
4295124566 25 293 8
4295124579 29 284 1
4295124592 35 273 1
4295124605 30 292 6
4295124618 14 142 1
4295124631 30 291 7
4295124644 33 274 7
4295124657 37 290 4
4295124670 34 248 5
4295124683 42 299 2
4295124696 25 294 4
4295124709 35 305 5
4295124722 33 274 4
4295124735 28 287 3
4295124748 29 288 3
4295124761 46 347 3
4295124774 29 246 4
4295124787 14 132 1
4295124800 24 260 4
4295124813 37 312 5
4295124826 26 267 4
4295124839 16 302 3
4295124852 26 319 6
4295124865 30 322 4
4295124878 34 323 5
4295124891 26 326 6
4295124904 31 320 4
4295124917 39 343 7
4295124930 24 301 5
4295124943 18 264 3
4295124956 25 304 4
4295124969 32 295 2
4295124982 28 293 3
4295124995 23 252 1
4295125008 28 264 3
4295125021 22 199 3
4295125034 34 298 4
4295125047 29 314 6
4295125060 21 269 2
4295125073 35 270 3
4295125086 20 295 7
4295125099 36 300 8
4295125112 29 291 2
4295125125 26 321 7
4295125138 20 288 4
4295125151 33 301 3
4295125164 27 310 5
4295125177 17 288 3
4295125190 27 290 5
4295125203 32 323 7
4295125216 20 230 2
4295125229 18 270 4
4295125242 30 307 3
4295125255 8 130 1
4295125268 0 0 0
4295125281 0 0 0
4295125294 0 0 0
4295125307 0 0 0
4295125320 0 0 0
4295125333 0 0 0
4295125346 0 0 0
4295125359 0 0 0
4295125372 0 0 0
4295125385 0 0 0
4295125398 0 0 0
4295125411 0 0 0
4295125424 0 0 0
4295125437 0 0 0
4295125450 0 0 0
4295125463 0 0 0
4295125476 0 0 0
4295125489 0 0 0
4295125502 5 79 1
4295125515 12 203 2
4295125528 26 260 3
4295125541 22 254 4
4295125554 25 271 3
4295125567 25 271 4
4295125580 27 268 1
4295125593 29 276 6
4295125606 20 238 2
4295125619 26 264 4
4295125632 25 246 4
4295125645 22 258 0
4295125658 22 218 4
4295125671 26 261 4
4295125684 23 259 6
4295125697 29 286 4
4295125710 30 260 5
4295125723 21 284 3
4295125736 16 267 3
4295125749 26 233 5
4295125762 27 253 5
4295125775 30 283 4
4295125788 27 262 5
4295125801 22 302 5
4295125814 27 285 3
4295125827 15 304 5
4295125840 15 253 1
4295125853 17 269 4
4295125866 31 282 3
4295125879 21 267 4
4295125892 14 205 3
4295125905 20 260 4
4295125918 19 273 7
4295125931 13 263 2
4295125944 12 235 5
4295125957 21 222 1
4295125970 21 293 3
4295125983 22 260 3
4295125996 28 266 5
4295126009 22 236 1
4295126022 15 243 6
4295126035 14 232 6
4295126048 15 260 2
4295126061 25 304 2
4295126074 11 206 4
4295126087 24 310 7
4295126100 12 181 3
4295126113 21 224 6
4295126126 26 298 7
4295126139 11 222 4
4295126152 8 164 4
4295126165 8 235 4
4295126178 21 240 1
4295126191 17 210 5
4295126204 16 237 5
4295126217 23 319 3
4295126230 14 267 3
4295126243 18 302 3
4295126256 10 191 5
4295126269 25 273 1
4295126282 30 291 3
4295126295 28 266 5
4295126308 15 267 6
4295126321 24 273 4
4295126334 18 256 6
4295126347 15 303 4
4295126360 0 0 0
4295126373 0 0 0
4295126386 0 0 0
4295126399 0 0 0
4295126412 0 0 0
4295126425 0 0 0
4295126438 0 0 0
4295126451 0 0 0
4295126464 0 0 0
4295126477 0 0 0
4295126490 0 0 0
4295126503 0 0 0
4295126516 0 0 0
4295126529 0 0 0
4295126542 0 0 0
4295126555 0 0 0
4295126568 0 0 0
4295126581 0 0 0
4295126594 0 0 0
4295126607 6 89 2
4295126620 2 119 4
4295126633 1 124 8
read 1488 profiled data
